  0.00000238588214649  0.00000239865027244  0.00000241138120341  0.00000242658957127
  0.00000244503157739  0.00000246434262348  0.00000248430397756  0.00000250904360975
  0.00000253393191371  0.00000255982970208  0.00000258685602372  0.00000261495533683
  0.00000264413535865  0.00000267448532196  0.00000270521094236  0.00000273577186211
  0.00000276823119744  0.00000280595745290  0.00000284370494483  0.00000288261146743
  0.00000292321411910  0.00000296551089095  0.00000300930528030  0.00000305434211086
  0.00000309944745879  0.00000314362592374  0.00000319055304982  0.00000324304055164
  0.00000330058109169  0.00000335987239733  0.00000342073193312  0.00000348315581465
  0.00000354731147607  0.00000361233440195  0.00000367912684721  0.00000375256549436
  0.00000383362607478  0.00000391840580754  0.00000400601940097  0.00000409572503785
  0.00000418708801490  0.00000428049545185  0.00000438501449830  0.00000449926516355
  0.00000461862228748  0.00000474091125150  0.00000486549493453  0.00000499519321855
  0.00000514301504312  0.00000530484897574  0.00000547293349657  0.00000564680422765
  0.00000583106541276  0.00000603551873763  0.00000626386748076  0.00000649934842596
  0.00000674502269937  0.00000702303968814  0.00000731629374522  0.00000761970595322
  0.00000794784235511  0.00000832734726481  0.00000873677385002  0.00000918798059934
  0.00000970796470609  0.00001025708072126  0.00001084454711875  0.00001148399128892
  0.00001217744580397  0.00001297156360472  0.00001384747322765  0.00001480574609487
  0.00001584430655534  0.00001701743169075  0.00001836832349811  0.00001992498282061
  0.00002178557600950  0.00002384226784431  0.00002620353583625  0.00002890252155462
  0.00003213444676987  0.00003590052326801  0.00004023194849838  0.00004536049005785
  0.00005202006085560  0.00006103152096895  0.00007337844575703  0.00009168164545614
  0.00011872505871300  0.00015522188054985  0.00020324008768577  0.00028777585424181
  0.00045162451131756  0.00082512923053768  0.02948297387829117  1.00000000000000000
 -0.00256244609743811  0.01025172463377497  0.02108038374799390  0.03197182122406610
  0.04299210436417743  0.05361478116423051  0.06428436478475930  0.07455777260116023
  0.08502625416084850  0.09542459819756896  0.10597361670007356  0.11684175158948971
  0.12800283877389201  0.13925433286879474  0.15039467838794179  0.16156099734995458
  0.17245094228114519  0.18298987844450737  0.19316505622883107  0.20332731841343576
  0.21366341706964556  0.22422115206515844  0.23432037112153301  0.24410144751175505
  0.25412774290490620  0.26442801250926373  0.27486856957997069  0.28517931396472401
  0.29552062245488220  0.30593722300873749  0.31653656228185267  0.32726706300422481
  0.33815100038580298  0.34874341085505139  0.35924537862562073  0.36986088401020584
  0.38073324933442115  0.39160651227165977  0.40231980552497598  0.41293164957838779
  0.42328685119128528  0.43337547439882446  0.44324316934134267  0.45324730767525323
  0.46354008696596871  0.47375637198546960  0.48388832934555409  0.49386104176465861
  0.50435956734856890  0.51512522816876294  0.52571137282258473  0.53606328198146580
  0.54641073531378848  0.55716383965221028  0.56795663143074715  0.57824699806167001
  0.58840687679483972  0.59852387295635168  0.60869908489255475  0.61889206897279470
  0.62973200911835103  0.64138770981642013  0.65258049439293109  0.66353458282739974
  0.67422691273039637  0.68475772350247566  0.69560287871480853  0.70619998400104411
  0.71673681216155982  0.72704031506780797  0.73762720740831844  0.74872405492017580
  0.75931565533562484  0.76999002252821125  0.78055348245176370  0.79104855255324602
  0.80117336638704983  0.81144873795979600  0.82164934217842955  0.83189786958585277
  0.84217953497752651  0.85286404793875326  0.86357307859410704  0.87444699744625976
  0.88521899076859145  0.89546709097178856  0.90552145355830993  0.91545233110580082
  0.92658922194905702  0.93726514131382854  0.94784835179512839  0.95813818867819800
  0.96831095406293777  0.97879236767266464  0.98924311834178991  1.00000000000000000
 -0.00237365130985997  0.02270905247522836  0.04487884263782931  0.06643018604956612
  0.08694845233875045  0.10601187678002334  0.12428932422479995  0.14239358862526841
  0.16052434111849626  0.17867463520971269  0.19657166727186351  0.21375002242083221
  0.23043702388606968  0.24740114501693278  0.26432165823924392  0.28031860912391277
  0.29542559321384326  0.31045585635806278  0.32556390581155487  0.34045535419991158
  0.35505177690381068  0.36932331345889985  0.38318901317528625  0.39672575046183189
  0.40980016607986447  0.42233198431807922  0.43488826184335944  0.44754372723529223
  0.46029755606848483  0.47323733221274245  0.48656869942295844  0.49991109868883959
  0.51294171345525930  0.52550374398358202  0.53762696545215616  0.54928414454690877
  0.56062924030209149  0.57173809312104584  0.58265624155291018  0.59349270869626758
  0.60415934233171142  0.61462098794046849  0.62498243680219434  0.63516240175895888
  0.64528676319860190  0.65520342659994801  0.66513412172668451  0.67508833067145912
  0.68500003120612118  0.69491767049044006  0.70463439206087553  0.71419847498851408
  0.72358381784808268  0.73254638915843140  0.74118925493509813  0.74982209475993644
  0.75838335041868732  0.76682632431713571  0.77516294757934878  0.78337582422890861
  0.79152488996151293  0.79966352901636484  0.80773144903712035  0.81565070784028526
  0.82340086781815647  0.83096106136411718  0.83824297753012067  0.84531057909798812
  0.85244576938754779  0.85958870786246566  0.86671612814672638  0.87371146585113169
  0.88028298274899741  0.88661222996123623  0.89278137153266324  0.89916257166692470
  0.90559878654585124  0.91192965619004585  0.91808137953237035  0.92400514804374900
  0.92973608011255948  0.93537900243079275  0.94099398763086295  0.94657934122185183
  0.95199865359348435  0.95740074228968419  0.96238645763320685  0.96723386911518494
  0.97203500503666351  0.97671603349686409  0.98121986209794021  0.98530432403956159
  0.98920254735942670  0.99292743969156161  0.99651269220692684  1.00000000000000000
  0.00064446706976343  0.05765481780404919  0.08058422237250938  0.09577199345734647
  0.10736970539532092  0.11726484061978047  0.12597111500631766  0.13378663249577624
  0.14107974725618289  0.14798225821645711  0.15459591014260401  0.16105081159576931
  0.16734514916249416  0.17345540209895158  0.17945706211027126  0.18548205708286827
  0.19147360839117386  0.19744775062212039  0.20327710578660671  0.20900125048796481
  0.21467574270372050  0.22019345227097006  0.22584892942490922  0.23149745930912446
  0.23716496757551717  0.24283803716687805  0.24854123512957521  0.25434047966946643
  0.26026351911626572  0.26630320058071055  0.27224238243828819  0.27854628653508323
  0.28456647852718642  0.29075981476591689  0.29689356490555052  0.30296337457156980
  0.30898165592961729  0.31499482006063861  0.32102467924430084  0.32706561452867217
  0.33327729383025279  0.33977263852892475  0.34642355654808626  0.35322818585192733
  0.36008222295492437  0.36702290274552968  0.37396120010232708  0.38094497437426328
  0.38788859727570862  0.39483400931923601  0.40173348122972058  0.40860068224243123
  0.41537352838085351  0.42202842211427277  0.42878213728805059  0.43574954488413670
  0.44302716576223078  0.45028984946188916  0.45739398360764927  0.46453630751349356
  0.47181744421209521  0.47901311645645400  0.48670659048177251  0.49456242881783830
  0.50262717597960405  0.51050183489070944  0.51817485304844790  0.52597413992903330
  0.53394046470092382  0.54227993627224191  0.55059681011234129  0.55904678362178173
  0.56760906751340678  0.57649555553065057  0.58591050637447351  0.59531096814610407
  0.60488684410369642  0.61479824718060505  0.62465169150878042  0.63450721745187244
  0.64463682959846647  0.65531033274031081  0.66625338662125910  0.67756933708075895
  0.68923716940742297  0.70151700531396499  0.71491651082510843  0.72954086493789350
  0.74501611588490613  0.76156395622120909  0.77973436925265560  0.79972635174163076
  0.82261647339064337  0.84967974575333405  0.89064770399517723  1.00000000000000000
   1658.0300038713997       -1.0000000000000000     
 F F F F F F F F F F F F F F F F F F F F F F F F F F F F F F F F
  <DiscreteSampler_grid>
  grouped_processes
  1 # 1 for a reference and 2 for a running grid.
  10 # Attribute 'min_bin_probing_points' of the grid.
  1 # Attribute 'grid_mode' of the grid. 1=='default',2=='initialization'
  0.0000000000000000 # Attribute 'small_contrib_threshold' of the grid.
  0.5000000000000000 # Attribute 'damping_power' of the grid.
 # binID   n_entries weight   weight_sqr   abs_weight
    13   10   2.893260102766988E+013   7.400678427676671E+027   2.893260102766988E+013
    14   10   2.893260102766971E+013   7.400678427676579E+027   2.893260102766971E+013
    16   10   2.893260102766988E+013   7.400678427676666E+027   2.893260102766988E+013
    17   10   2.893260102766971E+013   7.400678427676579E+027   2.893260102766971E+013
  </DiscreteSampler_grid>
