  0.00000173091920776  0.00000511539117295  0.00001122470949387  0.00001684446247067
  0.00002215279395968  0.00002721735380037  0.00003211947420330  0.00003696246654127
  0.00004177624677548  0.00004664881973666  0.00005157464601550  0.00005657138244084
  0.00006166140943185  0.00006672138411247  0.00007187922906203  0.00007710994191657
  0.00008240777520001  0.00008782257498624  0.00009341353215684  0.00009913754778835
  0.00010499887250500  0.00011098310695217  0.00011706964891030  0.00012326780624695
  0.00012957263160953  0.00013600664910449  0.00014260127317480  0.00014927998132987
  0.00015604854023986  0.00016285099813769  0.00016967536847519  0.00017664353628857
  0.00018390371715581  0.00019132612781917  0.00019903403255322  0.00020705701350968
  0.00021530634181052  0.00022394399064873  0.00023293163809426  0.00024208236461802
  0.00025147733116110  0.00026103254416072  0.00027109555223737  0.00028149941498427
  0.00029212686381541  0.00030334673446335  0.00031487885661981  0.00032711021311469
  0.00033978276373869  0.00035300734508234  0.00036692514435938  0.00038170414407194
  0.00039727227290575  0.00041390745743186  0.00043113635876637  0.00044911704917799
  0.00046775298873008  0.00048716359635658  0.00050777514320461  0.00052924309986095
  0.00055265108988320  0.00057718312347345  0.00060369741139672  0.00063248020057652
  0.00066311930878280  0.00069581748663059  0.00073069880466224  0.00076831942458488
  0.00080896235300598  0.00085234693326544  0.00089826724741826  0.00094713338631156
  0.00100131057455268  0.00106055415581557  0.00112574755675487  0.00119499294031806
  0.00127103322858181  0.00135447777322655  0.00144519923410042  0.00155222144906645
  0.00167408912910001  0.00181695654901313  0.00197829319029442  0.00216106722962923
  0.00237414211593235  0.00263543990346389  0.00296235947285030  0.00336501880781898
  0.00387174852603578  0.00450246875505356  0.00536612587566481  0.00662998489672339
  0.00882616162869139  0.01258644176538799  0.13899193981248983  1.00000000000000000
 -0.00253955944781454  0.01005669207156673  0.02081965778230394  0.03168383425035154
  0.04241818949198709  0.05313174613740756  0.06387770663446268  0.07472424394828331
  0.08548549917340817  0.09610734198208076  0.10664908337021113  0.11690733577864251
  0.12714088248053307  0.13743036398009034  0.14774533197798456  0.15838989369835932
  0.16913304875256346  0.18013557320329976  0.19087716062945873  0.20113425781371103
  0.21142175107770611  0.22206483888648995  0.23277207498875527  0.24336021524154164
  0.25395182512764325  0.26461827574833097  0.27529454203201414  0.28578945235823977
  0.29626766874243776  0.30672258641913624  0.31719567830827172  0.32767090721783587
  0.33814062753027191  0.34854698161154996  0.35907878145552297  0.36963118905688136
  0.38042600189635728  0.39123834736600932  0.40204770894342251  0.41283916660019060
  0.42367504460429439  0.43446837013800910  0.44490437475508632  0.45545821457904195
  0.46578736532048987  0.47632812878551622  0.48659166227402406  0.49713321787815523
  0.50745856297244085  0.51784982332396157  0.52794926614112747  0.53818573116543511
  0.54838787693232338  0.55873341317161573  0.56883635200417981  0.57910930626787871
  0.58932836033155389  0.59967849948036722  0.61001517114634030  0.62050651383028133
  0.63102604956450969  0.64161958924755658  0.65220485414882079  0.66308470009737042
  0.67398071679923865  0.68479712856056962  0.69565915924180466  0.70666497368815606
  0.71760301358907796  0.72867150114776613  0.73947150914743820  0.75043956991573568
  0.76071372686352268  0.77102431076969125  0.78146269476089403  0.79190762246730229
  0.80226895313595803  0.81257280304481383  0.82317210934537999  0.83372035816545109
  0.84435901176937278  0.85493148312967449  0.86552902216371097  0.87574194507731029
  0.88598016782752431  0.89634235806613427  0.90693461766444161  0.91758249970265959
  0.92813375139642851  0.93869656830721693  0.94911233535668371  0.95951397547771622
  0.96962796145814489  0.97985418756361331  0.98992155698703732  1.00000000000000000
 -0.00342960613944495  0.02389631945229995  0.04426798877176252  0.06151994065468062
  0.07706552308738335  0.09172325889264185  0.10574422094434976  0.11895284363660225
  0.13159595152734491  0.14374525677483030  0.15529918346480495  0.16636733758884031
  0.17715879145205080  0.18762291354709201  0.19779200276320516  0.20776039333619756
  0.21762199841359492  0.22728775448631641  0.23672874460456031  0.24591380955428765
  0.25494723351646870  0.26383042319607813  0.27274499686928327  0.28159348746260643
  0.29045566843182735  0.29937934804199151  0.30836723303669061  0.31723890590463005
  0.32600224859589544  0.33457234833226246  0.34303293001950985  0.35148235118824456
  0.35981094417589859  0.36795254747426853  0.37596564138313299  0.38393776394386359
  0.39195552345853385  0.40002704375170911  0.40810303501396156  0.41619263733847872
  0.42432442970974099  0.43249591129482556  0.44070726537449317  0.44901323245943564
  0.45745941309868943  0.46572032007191433  0.47387588455997398  0.48190568538232348
  0.48990193196074378  0.49787810467789512  0.50583443349258705  0.51374197016197087
  0.52162366171556129  0.52942893771443678  0.53719196135804570  0.54493680868724126
  0.55263216389385483  0.56040133165112260  0.56815260610008578  0.57592911746760900
  0.58377915369588285  0.59175121333234759  0.59969147968389513  0.60755304452732961
  0.61546986516711855  0.62339963340612148  0.63158942000116480  0.63993834212660439
  0.64836841156795577  0.65678729064076180  0.66527723915421066  0.67385060562415444
  0.68250158302017250  0.69111635838999275  0.69978446947022466  0.70854471584029333
  0.71740460492833269  0.72633184137165197  0.73556554476237945  0.74510910687774612
  0.75496243017874187  0.76511025304094138  0.77547999750451790  0.78602074237890196
  0.79658757228005783  0.80730534122566688  0.81862913191001874  0.83065382644586527
  0.84348691009214782  0.85677799830404433  0.87064578309373863  0.88578602961404918
  0.90297452586798788  0.92321062261516329  0.95071565487853305  1.00000000000000000
 -0.01886672997219404  0.10917853078344804  0.14487099553893318  0.16674646444417845
  0.18393375670839290  0.19854164500709642  0.21141721560896604  0.22333823180234050
  0.23448824100066376  0.24506026763247424  0.25486738720173424  0.26429816360610836
  0.27321937107035016  0.28183721647626375  0.29020125930405666  0.29825309076278872
  0.30608224068770484  0.31378911232950385  0.32126063307561370  0.32856906877609127
  0.33561818137490657  0.34245712781428578  0.34920755511386448  0.35584586244138644
  0.36228973799096048  0.36865714946491290  0.37491427992414705  0.38108894745255573
  0.38721429507839206  0.39330256376333950  0.39933773096038810  0.40529224648830664
  0.41117617523933647  0.41699237721312171  0.42271793699354582  0.42842762616281632
  0.43410375670599693  0.43982463287740420  0.44554919165551160  0.45126302451854883
  0.45696613449333034  0.46270325073801699  0.46840070374282727  0.47407694842500303
  0.47970686932969192  0.48529928880304773  0.49090252810777990  0.49650861246247296
  0.50212885024892229  0.50785209603700510  0.51357698335137725  0.51930587225050107
  0.52501297653091339  0.53074617683178837  0.53651832442206737  0.54232752045285759
  0.54815004225299657  0.55396683511166256  0.55977524086176611  0.56554490566295512
  0.57127459926297841  0.57702344305582787  0.58283894411238124  0.58873035956055497
  0.59469016490214999  0.60065974031523406  0.60668372860092301  0.61275671121797470
  0.61885453972828475  0.62496384244804148  0.63112754520081671  0.63740224062426609
  0.64381906566621727  0.65044656492155351  0.65723998211424872  0.66409806797067672
  0.67114270187936342  0.67835380260574740  0.68557847501788372  0.69309949342411692
  0.70080910953761488  0.70880912812693853  0.71708306336821348  0.72563613820795481
  0.73451203671588572  0.74379111729031433  0.75353406906828713  0.76384963228696412
  0.77484394195842821  0.78673537770138258  0.79988439761669783  0.81476979896827117
  0.83231928144845857  0.85466762874853064  0.89020903711835264  1.00000000000000000
   2.3740484403020202E-003  -1.0000000000000000     
 F F F F F F F F F F F F F F F F F F F F F F F F F F F F F F F F
  <DiscreteSampler_grid>
  grouped_processes
  1 # 1 for a reference and 2 for a running grid.
  10 # Attribute 'min_bin_probing_points' of the grid.
  1 # Attribute 'grid_mode' of the grid. 1=='default',2=='initialization'
  0.0000000000000000 # Attribute 'small_contrib_threshold' of the grid.
  0.5000000000000000 # Attribute 'damping_power' of the grid.
 # binID   n_entries weight   weight_sqr   abs_weight
    10   10   3.412380814370540E+008   3.539512526816216E+017   3.412380814370540E+008
    16   10   3.412380814370540E+008   3.539512526816216E+017   3.412380814370540E+008
  </DiscreteSampler_grid>
