  0.00000240230187595  0.00000243432798269  0.00000248586514521  0.00000253674019666
  0.00000258460914371  0.00000263143139789  0.00000267748929839  0.00000272464843391
  0.00000277343912669  0.00000282433756685  0.00000287688370009  0.00000292944534516
  0.00000298251391608  0.00000303686798509  0.00000309168256777  0.00000314785991689
  0.00000320566089548  0.00000326679222164  0.00000333121532874  0.00000339599924852
  0.00000346179616855  0.00000352913481751  0.00000359760014465  0.00000366725544915
  0.00000373981154116  0.00000381714510744  0.00000389846055445  0.00000397958802819
  0.00000406255223163  0.00000414684512779  0.00000423177393340  0.00000432417165312
  0.00000442311923068  0.00000452730561822  0.00000463526375846  0.00000474541765480
  0.00000486000085861  0.00000497597996118  0.00000510111726377  0.00000523545567023
  0.00000537243979856  0.00000551223264396  0.00000565598500703  0.00000580630428934
  0.00000597024892206  0.00000615165417984  0.00000633771059231  0.00000653039059731
  0.00000672901130365  0.00000694390899269  0.00000717627893455  0.00000740980147794
  0.00000765412004129  0.00000792476674906  0.00000822491583537  0.00000854440025916
  0.00000887407506909  0.00000922483527365  0.00000961925759894  0.00001004453873121
  0.00001048517283108  0.00001096865552804  0.00001150068419956  0.00001205799548733
  0.00001266302596741  0.00001331258762500  0.00001399274508644  0.00001473182968099
  0.00001554574125165  0.00001641152152783  0.00001739444522474  0.00001851471457227
  0.00001971857633783  0.00002104202295350  0.00002240393004833  0.00002402720382639
  0.00002579480736332  0.00002790446034592  0.00003027588837039  0.00003302013178410
  0.00003602745461012  0.00003940678096108  0.00004308559841118  0.00004742260546596
  0.00005271209390654  0.00006011768884605  0.00006828831599979  0.00007725334001105
  0.00008771449209234  0.00010009254892488  0.00011814974497979  0.00014347119509608
  0.00018253534517692  0.00022553190139744  0.00075510024397179  1.00000000000000000
 -0.00246240864687149  0.01007744684173623  0.02087831743927710  0.03144000151075393
  0.04204317436846049  0.05287595775912048  0.06351908724815608  0.07412465855117660
  0.08447524413352622  0.09496758157390835  0.10537337165948431  0.11579985572357615
  0.12626955226730130  0.13648573269236094  0.14644751309125797  0.15654069880148302
  0.16657946508717533  0.17676675426928184  0.18688537944937161  0.19764115936124102
  0.20837597903093535  0.21923014544003186  0.22996639965056845  0.24069379144203151
  0.25159762091707910  0.26227423960635987  0.27306536791517771  0.28386932202099230
  0.29469268954567501  0.30551758951244690  0.31607604300011266  0.32681085237473573
  0.33756870325978444  0.34851773052906287  0.35919454471854689  0.36949839866988304
  0.37951693827174543  0.38926442821195084  0.39902628959612052  0.40859844519433158
  0.41842810071395137  0.42857097665122496  0.43901632917825845  0.44934062251513113
  0.45956978392358633  0.46998480465451947  0.48031970040541944  0.49094969831411989
  0.50153344248952014  0.51298811858777238  0.52394303508560691  0.53469069020673332
  0.54523197707950721  0.55570997542072875  0.56642648743667856  0.57697710179577810
  0.58757907045679192  0.59791657174055413  0.60869030802966950  0.61952170295867248
  0.63074633823262072  0.64195708216348435  0.65277457594880373  0.66327173798890182
  0.67348834372242228  0.68376051203523269  0.69423250244907686  0.70490405426199765
  0.71576741023232926  0.72651328131481985  0.73727522260657841  0.74813356183039925
  0.75891876717293605  0.76968820808685379  0.78005037704834923  0.79026378439958178
  0.80056796429504162  0.81075598053829556  0.82097307847644063  0.83111662557623411
  0.84172067624502211  0.85232989979406382  0.86293614149885056  0.87339282657929784
  0.88404089273064579  0.89459938376339387  0.90519253923267884  0.91578039844941006
  0.92639968358737823  0.93705771725655018  0.94763662709184804  0.95822987555817929
  0.96866437222030488  0.97909572126535638  0.98950631284296509  1.00000000000000000
  0.00633833383797712  0.01503300107235367  0.02610009410829021  0.03800688610408331
  0.04966465894263573  0.06125936707050803  0.07285142461540854  0.08453790179703097
  0.09618873841850981  0.10784245546481437  0.11936501666290011  0.13061563439982463
  0.14155113410247983  0.15265098862869461  0.16394022773941430  0.17547233794137460
  0.18710617359610826  0.19867971148910030  0.21006647887976304  0.22110886402960500
  0.23196368889812749  0.24269058982029290  0.25348736432527563  0.26415778552279640
  0.27453804682548588  0.28477878265795864  0.29507314581712751  0.30536998497602524
  0.31560456149609145  0.32587894544837015  0.33622099165605063  0.34653235443694735
  0.35665717086188164  0.36670932235707077  0.37684744295456685  0.38688619457544837
  0.39699127739859347  0.40700799254492248  0.41694164235173053  0.42645829751558056
  0.43575690313796223  0.44492897126500552  0.45417431955969317  0.46361690165770525
  0.47301829689786484  0.48228769615388567  0.49147883991841784  0.50064832236479495
  0.50994550283881257  0.51935892116608984  0.52888037713340819  0.53850787043665638
  0.54807906620655000  0.55770675037888529  0.56730241015139826  0.57667971529163498
  0.58590591727840780  0.59497381491323886  0.60402729472612637  0.61310292781832632
  0.62212797906855677  0.63117390029858922  0.64013036100365317  0.64899426975704111
  0.65784266831878180  0.66675855808037710  0.67576267820279379  0.68484790844567578
  0.69383444652897597  0.70283834393648259  0.71187286365524904  0.72120176341146824
  0.73051798472682794  0.73991980399045987  0.74933947030357095  0.75913584499272102
  0.76898899849903024  0.77864021839919384  0.78827286556370835  0.79795156362942288
  0.80783460866233492  0.81779333116301745  0.82775978059830801  0.83803657471338822
  0.84853033596476646  0.85938980794329700  0.87061077310072921  0.88217318508901221
  0.89402383284036258  0.90599619414630439  0.91827510664015088  0.93104657054362250
  0.94453129729139129  0.95936610721478677  0.97738928350684162  1.00000000000000000
 -0.00750235256598362  0.09475734207199830  0.12368635469267836  0.14470340219813629
  0.16213882046504816  0.17709168355098956  0.19078339063437774  0.20338103564025067
  0.21524009701915020  0.22638257689734223  0.23692481093273149  0.24699766709259965
  0.25670612247945546  0.26610882307850531  0.27530221528999260  0.28424691483014264
  0.29296728924086435  0.30137521289228014  0.30955562148352189  0.31756094763179527
  0.32532843105224818  0.33292226924917512  0.34031972139742395  0.34762326409562805
  0.35487685007997549  0.36185705240673383  0.36875309378175375  0.37560830866815192
  0.38239426053522457  0.38921044416029776  0.39590768203903848  0.40225666683358091
  0.40846735211417484  0.41461837794743983  0.42070580086247444  0.42676871293175306
  0.43279342095805173  0.43877927188593185  0.44477040066050383  0.45082193839558249
  0.45693236812704596  0.46297901523018353  0.46889915208033450  0.47468791495115081
  0.48047643221532160  0.48642185388842030  0.49244316699668222  0.49851076901850305
  0.50459173667353530  0.51064813417776456  0.51676583190959458  0.52281131088499300
  0.52882070934740533  0.53481534874962622  0.54080209716812688  0.54675100755091877
  0.55264584771834235  0.55851308226613883  0.56437840463407452  0.57028387285705229
  0.57622956597863439  0.58230822600386500  0.58874289684488734  0.59531362571415802
  0.60185524554338543  0.60833147967713186  0.61475650840392848  0.62115797053227573
  0.62768113502368073  0.63433376432128885  0.64102021026244482  0.64783510531020749
  0.65481335167064769  0.66196167994309196  0.66930183431260049  0.67684437391776864
  0.68461279760804106  0.69267083932470563  0.70101039122995312  0.70950640099094098
  0.71812100233431742  0.72685884812549506  0.73590409982770144  0.74527662798418282
  0.75501253951540270  0.76532158970887210  0.77607955630510306  0.78739886976255802
  0.79942264433269017  0.81231569286570482  0.82606631855561663  0.84124945898810066
  0.85894227406572921  0.88055516750913110  0.91307628814556518  1.00000000000000000
   73.070528509271313       -1.0000000000000000     
 F F F F F F F F F F F F F F F F F F F F F F F F F F F F F F F F
  <DiscreteSampler_grid>
  grouped_processes
  1 # 1 for a reference and 2 for a running grid.
  10 # Attribute 'min_bin_probing_points' of the grid.
  1 # Attribute 'grid_mode' of the grid. 1=='default',2=='initialization'
  0.0000000000000000 # Attribute 'small_contrib_threshold' of the grid.
  0.5000000000000000 # Attribute 'damping_power' of the grid.
 # binID   n_entries weight   weight_sqr   abs_weight
    10   10   6.292039244083887E+008   7.643196102544709E+017   6.292039244083887E+008
    16   10   6.292039244083887E+008   7.643196102544709E+017   6.292039244083887E+008
  </DiscreteSampler_grid>
