  0.00000236813467888  0.00000237530433828  0.00000238740746133  0.00000240258199328
  0.00000241871384637  0.00000243554420423  0.00000245309295401  0.00000247043105356
  0.00000249269478215  0.00000251762993571  0.00000254402973722  0.00000257315226652
  0.00000260283931866  0.00000263357474333  0.00000266496898843  0.00000269732847611
  0.00000273093945327  0.00000276555652897  0.00000280840070965  0.00000285153025733
  0.00000289552537890  0.00000294042528344  0.00000298620657989  0.00000303325800959
  0.00000308211393564  0.00000313246504688  0.00000318744355016  0.00000325122042077
  0.00000332168860555  0.00000339512498293  0.00000346842309530  0.00000354589335627
  0.00000362242436403  0.00000370314681044  0.00000379333998079  0.00000389352924990
  0.00000399455191312  0.00000409756070457  0.00000420484776912  0.00000432134484977
  0.00000444967338558  0.00000458805827292  0.00000473040951312  0.00000487967859275
  0.00000503843701912  0.00000522423716478  0.00000541930133878  0.00000561382082601
  0.00000581660785929  0.00000604020282422  0.00000628596216230  0.00000654242044238
  0.00000680825800962  0.00000711294162317  0.00000742746597332  0.00000775584390227
  0.00000811682334737  0.00000850809276230  0.00000892307191736  0.00000938244724106
  0.00000988728809633  0.00001041424790510  0.00001096963635127  0.00001156885420034
  0.00001220664700780  0.00001292895344570  0.00001373378246548  0.00001458408618597
  0.00001557119634859  0.00001663111213105  0.00001787982360546  0.00001928594476526
  0.00002081459238389  0.00002250278516958  0.00002441751719828  0.00002649421916792
  0.00002886772256343  0.00003158363120819  0.00003479965020885  0.00003852606616182
  0.00004302070351551  0.00004844302690262  0.00005522096980173  0.00006303000967234
  0.00007245735438561  0.00008488019109430  0.00010095798284199  0.00012012730552509
  0.00014618912250186  0.00018229048687922  0.00024517782415008  0.00034430774506404
  0.00049526156177523  0.00097809027063996  0.00252863392144019  1.00000000000000000
 -0.00221367657313436  0.00906892350560577  0.01875210745743196  0.02909871707355082
  0.03904280955943785  0.04906877319220508  0.05921806868104904  0.06958215128608608
  0.07980203795532510  0.09006998261680671  0.10028241621438706  0.11064533954159851
  0.12069835453383389  0.13124937212267318  0.14190834728262389  0.15284557855136885
  0.16336076123478901  0.17332979291836484  0.18326876477153448  0.19341667107101937
  0.20430595935523715  0.21513491645939148  0.22571265362859341  0.23596551455933276
  0.24585700183766457  0.25594103578975541  0.26630645473797088  0.27704946962559779
  0.28812875866885096  0.29923318274078370  0.31009104995400538  0.32067058820821681
  0.33111764402145261  0.34190756793534710  0.35282855508368499  0.36390552979870838
  0.37513486752371222  0.38656433656306632  0.39792812157395085  0.40899605764942848
  0.41965005178562576  0.43039619656633676  0.44093453247957726  0.45147239016566520
  0.46231646599059895  0.47263685578211673  0.48266164069895834  0.49213803649168658
  0.50263491598912502  0.51269805409290137  0.52204034049832526  0.53114888453145237
  0.54054995302019582  0.55064008268817444  0.56132858452329615  0.57234830954258076
  0.58369647513276102  0.59504033695963121  0.60630817707676521  0.61749404052791312
  0.62863613497448967  0.63979987068552913  0.65044145535845077  0.66062028683226492
  0.67050759058938902  0.68051620467813079  0.69061798339792169  0.70090115367801353
  0.71143129626422574  0.72221761659356021  0.73305485504058021  0.74390167318742173
  0.75485030473372061  0.76591293037600872  0.77694163068149247  0.78818509137000492
  0.79916213751965248  0.80982959166128499  0.82005014532877663  0.83006733899035767
  0.84024349109639473  0.85059354876548876  0.86127547947318916  0.87234599741758911
  0.88305370355811397  0.89373269782067233  0.90430099314795587  0.91468434471380256
  0.92494754298623394  0.93516235640503542  0.94624415779999616  0.95749659310156610
  0.96816720489194852  0.97875697518597771  0.98932794424694337  1.00000000000000000
 -0.00260060943676955  0.02161824600978674  0.04141065076136886  0.06081691916751826
  0.07953765084660701  0.09794713002177421  0.11612079392260218  0.13408249332305797
  0.15204666378790349  0.16998689564607847  0.18778112068024366  0.20506388503362619
  0.22198210717955966  0.23856968581794946  0.25483570848447967  0.27066545335192510
  0.28607220093694719  0.30160703483326179  0.31714776790571253  0.33275179005915767
  0.34831835830793773  0.36384585325156116  0.37926133380306959  0.39440208979867153
  0.40930434025882950  0.42397397526610225  0.43858291102678959  0.45297559604836857
  0.46712552345689495  0.48106357482367684  0.49459896483911359  0.50788424827045031
  0.52082291694808769  0.53349504394401637  0.54592256819551266  0.55834093598967161
  0.57090063219644049  0.58351845963287841  0.59591326517745347  0.60805120608818675
  0.62032143886222768  0.63256687110489596  0.64432201221882990  0.65553560957670298
  0.66640550772908114  0.67703250879620269  0.68742349724525920  0.69781657807491948
  0.70826161208386862  0.71830542994997570  0.72811916335609916  0.73760866170057449
  0.74723538021559799  0.75671195651913747  0.76624123963053636  0.77562499537147578
  0.78502946335045476  0.79421543897643687  0.80312228879844783  0.81193568346741818
  0.82042692906027137  0.82883426913557690  0.83685565284033914  0.84463201519488518
  0.85228850831854441  0.85988736099872298  0.86744060997491379  0.87488854160710061
  0.88211235800035237  0.88912122949536865  0.89590669972453885  0.90233223487403635
  0.90850654926408092  0.91459485259693929  0.92053379919629241  0.92634436618097971
  0.93197458577959535  0.93760267264103458  0.94243053106285546  0.94717826867417609
  0.95189358023272852  0.95655303384518353  0.96082141949584854  0.96472438134804261
  0.96864119278584404  0.97241506383911769  0.97606329852796458  0.97958295252996941
  0.98278071838537473  0.98577061720015291  0.98858455101594367  0.99120951221373421
  0.99354696547304189  0.99575623085681964  0.99789948132296225  1.00000000000000000
 -0.01186423510544694  0.11930810648645743  0.16457494324866334  0.19432217596905468
  0.21964012876724728  0.24181369167669281  0.26149184175092743  0.27967442635217421
  0.29677722678605212  0.31264293828184336  0.32706334352348615  0.34035278842266492
  0.35303897282078345  0.36560718081731242  0.37791178755107979  0.38974850242994391
  0.40099392650581639  0.41189791130179382  0.42266787582105703  0.43366558365840857
  0.44453957527221388  0.45511733759444228  0.46489283340194043  0.47413795627616490
  0.48317974398840907  0.49211044821039951  0.50096878382752741  0.50974980219897192
  0.51861200672710872  0.52742848049135016  0.53595474887228145  0.54410753632947872
  0.55215934137194844  0.56031971876216169  0.56851456106779419  0.57636965792749939
  0.58375487604421006  0.59092879127197673  0.59808243538504657  0.60539843012598238
  0.61261600725118537  0.61969132954022510  0.62670779327225079  0.63341052582146906
  0.64017932115017129  0.64681187452478484  0.65335017675513729  0.65978542249932093
  0.66614296968647524  0.67239161272027614  0.67852161337906014  0.68451024597730881
  0.69026082827600532  0.69586213563306232  0.70136207394335115  0.70671096633094510
  0.71188123379704826  0.71702547981946407  0.72223911134567986  0.72753974834331026
  0.73273021690546680  0.73776870595362132  0.74274402358715041  0.74764335701660367
  0.75261830703750343  0.75764229631787039  0.76269673020407480  0.76779760214575565
  0.77288882950253079  0.77789184174091208  0.78281610072858376  0.78764244400727224
  0.79249870659390631  0.79748136013641202  0.80248260705516572  0.80749490631159382
  0.81256036958256117  0.81771668052010893  0.82297364357778502  0.82829226477852158
  0.83348658535830467  0.83866692101406703  0.84380662713796517  0.84899612816109182
  0.85432305146513343  0.85997004506172292  0.86589489922533025  0.87207647297703483
  0.87865164193958567  0.88570185656624179  0.89346212256185520  0.90251111532883921
  0.91341750650103182  0.92731048858580822  0.94813099846356430  1.00000000000000000
   11.065064067127578       -1.0000000000000000     
 F F F F F F F F F F F F F F F F F F F F F F F F F F F F F F F F
  <DiscreteSampler_grid>
  grouped_processes
  1 # 1 for a reference and 2 for a running grid.
  10 # Attribute 'min_bin_probing_points' of the grid.
  1 # Attribute 'grid_mode' of the grid. 1=='default',2=='initialization'
  0.0000000000000000 # Attribute 'small_contrib_threshold' of the grid.
  0.5000000000000000 # Attribute 'damping_power' of the grid.
 # binID   n_entries weight   weight_sqr   abs_weight
    13   10   3.548602328830485E+011   5.111592584028390E+023   3.548602328830485E+011
    14   10   3.548602328830486E+011   5.111592584028393E+023   3.548602328830486E+011
  </DiscreteSampler_grid>
