  0.03754985010421070  0.04019308633802259  0.04409083519714434  0.04947393172467159
  0.05542024793464984  0.06111747229203791  0.06665649815888132  0.07206756973430316
  0.07752380489072627  0.08306786526088906  0.08872900847439769  0.09447534305376511
  0.10027256293458445  0.10614956135832934  0.11211811589651217  0.11809060693144222
  0.12410201664276256  0.13025046448704453  0.13647360349864926  0.14276721663578185
  0.14916966735940795  0.15568589996118523  0.16225372730608575  0.16890431007106452
  0.17565659901169528  0.18245427755177934  0.18929166702268430  0.19619375983170537
  0.20311532061280374  0.21008479462714283  0.21714966460161608  0.22433067971202361
  0.23163574637647025  0.23902885517975631  0.24644179371169686  0.25392314328612081
  0.26156659568809648  0.26933652606473424  0.27735693284041429  0.28548626487386958
  0.29379677736651333  0.30226161837691545  0.31083941497599304  0.31948028474070950
  0.32816938590120870  0.33702581025425654  0.34608184685210053  0.35535225576095358
  0.36479970655040045  0.37439889386141467  0.38411814947474543  0.39395511420681156
  0.40398429652747547  0.41428340859163265  0.42486370317373756  0.43564215966728065
  0.44653805707856237  0.45754453383596394  0.46873103811810957  0.48013162662260028
  0.49171058380679855  0.50356413384867171  0.51573880654509852  0.52830677432344342
  0.54109342624691459  0.55395590575538911  0.56695753255352810  0.58006549179946343
  0.59338344989462533  0.60696980528507116  0.62075909130510232  0.63475536303659841
  0.64900570968014382  0.66355526996816039  0.67840095168479397  0.69345199506763266
  0.70860233787068039  0.72379913838119647  0.73891488623953705  0.75399749737550370
  0.76905977821449978  0.78412252697276152  0.79920695091562632  0.81447546290262651
  0.82970585290867238  0.84479042756912293  0.85968494869677015  0.87450813245100056
  0.88928991151553649  0.90380038801047247  0.91809116881201180  0.93187395104989412
  0.94531939515951469  0.95817279824547896  0.98753451591290609  1.00000000000000000
 -0.00252847039618737  0.00965806178510493  0.01982337687858756  0.03019818812029743
  0.04046760533465706  0.05069212422494428  0.06079498124890802  0.07109483231149288
  0.08145816853469870  0.09205884607148022  0.10277442063889840  0.11317832892723619
  0.12352207996898784  0.13385326028986655  0.14402117869630979  0.15420870723874860
  0.16443750930290912  0.17494263836835311  0.18558910955517968  0.19622871017522150
  0.20686387821780264  0.21750519528702889  0.22809222622149022  0.23901146557106906
  0.24989426995578048  0.26083150959232815  0.27172763510908837  0.28253622285340751
  0.29320180962317494  0.30372290606419344  0.31431082144529515  0.32496989677991078
  0.33544604576162501  0.34595917260109549  0.35650315470508143  0.36716255856387142
  0.37778544357868982  0.38849978630414689  0.39923615570118232  0.41000209718331920
  0.42074634077170048  0.43153019684573968  0.44219333678038042  0.45281596169305832
  0.46349035745805173  0.47417898234610012  0.48479789421229930  0.49518822251684580
  0.50550143924421131  0.51578003150392848  0.52623034077098862  0.53675941139569783
  0.54735380381677767  0.55791929328456447  0.56854308400175191  0.57926259061183449
  0.58995790611464927  0.60062259898836867  0.61114796248814296  0.62173952798602095
  0.63230586760809937  0.64291645956827936  0.65347142991434348  0.66380536076722985
  0.67421210591677350  0.68465649840679788  0.69539307188075705  0.70619924926744604
  0.71686532009993209  0.72747430452836126  0.73791418914446494  0.74843073466993271
  0.75887032847183322  0.76928476779494837  0.77978593416720310  0.79038194012285568
  0.80107949709983295  0.81163580269837687  0.82204646990911157  0.83250238577736158
  0.84299284029607091  0.85353718670628020  0.86398249878116762  0.87435906975725064
  0.88498473307339942  0.89554669498423034  0.90603687349264583  0.91650568966689283
  0.92694823285360672  0.93731668782909183  0.94759799462192273  0.95794274632671095
  0.96843594652689569  0.97890072426652008  0.98950674846467190  1.00000000000000000
  0.00044488285531860  0.00866671697773966  0.01750013875493327  0.02691145858184102
  0.03646018631276989  0.04624567906096592  0.05623544302909990  0.06632360686805530
  0.07657694771741386  0.08681926005752980  0.09718512372601429  0.10745353797216653
  0.11771814596171451  0.12801147247213138  0.13828554670743526  0.14861536649578569
  0.15897518535270086  0.16942079990460676  0.17995516996292657  0.19042197950117321
  0.20083706814907043  0.21119346989294890  0.22159468647260067  0.23208832834848608
  0.24270046946033377  0.25333450543067898  0.26403486176931834  0.27452823610567423
  0.28481798509168610  0.29497482337753977  0.30514993699943360  0.31541367289431421
  0.32559733103049099  0.33575601845603442  0.34592988580122952  0.35619635102692981
  0.36661069161797294  0.37703769973786355  0.38738184812853632  0.39769967717125670
  0.40803949394859862  0.41845947914766696  0.42885420550777353  0.43930428426275903
  0.44979913271080901  0.46020002990872394  0.47049842946881754  0.48087638701710722
  0.49135303857825186  0.50187022557188266  0.51228637114850750  0.52276166874764385
  0.53333483448578600  0.54399659284621826  0.55468968505616245  0.56542583436448013
  0.57609517047178183  0.58676364455032870  0.59735199785174975  0.60789277737992831
  0.61833262419145940  0.62891696723878310  0.63960912181749285  0.65034105780431395
  0.66099389176297096  0.67165444446232092  0.68238002615912963  0.69302702151096773
  0.70368292558204748  0.71435876089768136  0.72508177198660984  0.73580459500638751
  0.74645812666568101  0.75699502686986553  0.76755796216489602  0.77822793485202557
  0.78898736916266976  0.79963475349745239  0.81017271284678050  0.82081103186524695
  0.83153897382159092  0.84225286644796793  0.85285568070379147  0.86347786493717682
  0.87428967768266563  0.88532700753888194  0.89639588099414202  0.90736689280432303
  0.91825851743552500  0.92916359907409452  0.94008314345066990  0.95099240705623345
  0.96231746427031783  0.97403414548495670  0.98671795626593539  1.00000000000000000
 -0.01480854509926761  0.10481730491101030  0.14611027614458161  0.17297678306103401
  0.19475346873387153  0.21372590833061814  0.23069751511230918  0.24631718503324782
  0.26059842507822678  0.27411259899512463  0.28670016361881817  0.29883944040351818
  0.31052580004443547  0.32187087777869228  0.33284709952631875  0.34346343583867017
  0.35377630764367657  0.36382435475324693  0.37356919183437409  0.38304874146328816
  0.39234887296205762  0.40154011034476789  0.41062767592533206  0.41961742962265358
  0.42850376598624101  0.43730325527576341  0.44601519809296075  0.45470020866453104
  0.46337620288571674  0.47196327162891755  0.48037906309132478  0.48862798631024257
  0.49680280099958773  0.50492611623434525  0.51300691308655710  0.52102759041335622
  0.52889523458844467  0.53667075786823870  0.54438577132854271  0.55201358862195637
  0.55961473466790035  0.56718122901152701  0.57474191997558832  0.58227604963845747
  0.58984279451281441  0.59738994455957151  0.60491787621600968  0.61230833563002773
  0.61971196570771825  0.62699156839404346  0.63417046438746150  0.64129959491876121
  0.64831661059598933  0.65521663260180518  0.66203016050905017  0.66876888217152364
  0.67544536675996159  0.68208305005277392  0.68869171826982656  0.69525205089282038
  0.70175294491856199  0.70822027295625323  0.71464656824348205  0.72100233908356648
  0.72731029550222326  0.73358013433270997  0.73981067808595902  0.74609465492407490
  0.75228333474676179  0.75843215137599485  0.76454607633271676  0.77060228619123650
  0.77660774358767404  0.78258956538145974  0.78858214279348882  0.79460266913271915
  0.80060727459497294  0.80665443054953090  0.81271130528388047  0.81877141480897020
  0.82485716126542585  0.83101799178840952  0.83726704330323865  0.84361615483446517
  0.85004725414311633  0.85667353144364244  0.86358595703558771  0.87071270712811710
  0.87823103205813835  0.88628533506083385  0.89497246284480425  0.90479317523869685
  0.91622876367005679  0.93067785444431683  0.95256611444938188  1.00000000000000000
   2.3733487372495293E-002  -1.0000000000000000     
 F F F F F F F F F F F F F F F F F F F F F F F F F F F F F F F F
  <DiscreteSampler_grid>
  grouped_processes
  1 # 1 for a reference and 2 for a running grid.
  10 # Attribute 'min_bin_probing_points' of the grid.
  1 # Attribute 'grid_mode' of the grid. 1=='default',2=='initialization'
  0.0000000000000000 # Attribute 'small_contrib_threshold' of the grid.
  0.5000000000000000 # Attribute 'damping_power' of the grid.
 # binID   n_entries weight   weight_sqr   abs_weight
    13   10   5.079661088757704E+008   4.198679459294209E+017   5.079661088757704E+008
    14   10   5.079661088757703E+008   4.198679459294208E+017   5.079661088757703E+008
    16   10   6.687852540067241E+008   7.607010018670461E+017   6.687852540067241E+008
    17   10   6.687852540067241E+008   7.607010018670461E+017   6.687852540067241E+008
  </DiscreteSampler_grid>
