  0.00000144424317291  0.00000613868892824  0.00001247841560657  0.00001830571911537
  0.00002361394425421  0.00002860504585329  0.00003346157276841  0.00003830464162235
  0.00004314685829482  0.00004811645970133  0.00005318340056327  0.00005830707935455
  0.00006348162310448  0.00006862436067253  0.00007384368516019  0.00007913872409796
  0.00008451088412064  0.00008996544416773  0.00009550958227602  0.00010121534887231
  0.00010706560509389  0.00011304780631586  0.00011912796800944  0.00012529912279452
  0.00013159212822723  0.00013803105298762  0.00014455515057931  0.00015113049025006
  0.00015777147258017  0.00016451255692866  0.00017138290633333  0.00017845065878366
  0.00018570624712469  0.00019318069564486  0.00020099753652088  0.00020909539857802
  0.00021740957330563  0.00022608634406336  0.00023514831334518  0.00024439829524095
  0.00025414705056970  0.00026389220641702  0.00027421419108302  0.00028468662294149
  0.00029550723667759  0.00030688497917793  0.00031851090286533  0.00033115820044278
  0.00034431036061931  0.00035810616333411  0.00037246132793699  0.00038741191090449
  0.00040317978070898  0.00041978738572303  0.00043714868182340  0.00045521584011000
  0.00047408996873649  0.00049413259044101  0.00051552925232420  0.00053812666506371
  0.00056250719980212  0.00058862059903932  0.00061634207688234  0.00064583493157101
  0.00067696466346849  0.00071024101075378  0.00074501416194305  0.00078207450231367
  0.00082253625853096  0.00086658193343901  0.00091384638826464  0.00096490563632701
  0.00102173613674120  0.00108340952495392  0.00115062653000655  0.00122592225784121
  0.00131071006634239  0.00140303998734086  0.00150782509886727  0.00162744370472915
  0.00176127145077324  0.00191535905654680  0.00209109000355492  0.00229709399176301
  0.00254621240620076  0.00285040822673529  0.00321561511562095  0.00364920076555624
  0.00417257855111810  0.00486700865714831  0.00577864966974309  0.00709720147533402
  0.00951168346569300  0.01368306100400024  0.21109920442642985  1.00000000000000000
 -0.00252803863254777  0.00961704371546915  0.01949253882151808  0.03013545092316554
  0.04043223519315313  0.05085690569987374  0.06113672758098779  0.07162614298721581
  0.08230031004985969  0.09288555452054313  0.10342876361664999  0.11393368672282249
  0.12437776095709496  0.13456589175310985  0.14457829401973279  0.15510706711570324
  0.16562913749736122  0.17660173031316356  0.18701661420279225  0.19778214138398670
  0.20857065554812676  0.21942653348447427  0.23028658147485359  0.24082244343892409
  0.25132753903168531  0.26171340039810709  0.27232611663744410  0.28294357014508648
  0.29364806343791561  0.30392767638717538  0.31414814700434096  0.32451708292144227
  0.33485421519647418  0.34516273070777542  0.35543614690213832  0.36616151854125401
  0.37693036090608784  0.38746071170779134  0.39790873093518569  0.40840708930940350
  0.41896148057306315  0.42944284225628676  0.43993442807004957  0.45000572002194311
  0.45998162430388162  0.47009319165524338  0.48025317631319442  0.49070965645815257
  0.50089100600807179  0.51110286030578767  0.52144611686347719  0.53179125323750021
  0.54193341145729845  0.55185926429279364  0.56195591361605668  0.57258125716591013
  0.58340298457815809  0.59432874046226525  0.60510942644177756  0.61590091794212243
  0.62681000127744679  0.63780488792555734  0.64872255850742100  0.65949441523123187
  0.67027385389627847  0.68105896130160448  0.69193937159898056  0.70289539001491719
  0.71397830448363209  0.72470606317583630  0.73527159300578282  0.74577853951114415
  0.75648425301879085  0.76689634163413900  0.77714919719401920  0.78732485522357631
  0.79792126527795648  0.80850553632903444  0.81900572540131256  0.82946611478065624
  0.84013756833887343  0.85102016072257092  0.86159492437925544  0.87211504637788306
  0.88281844732290993  0.89365589716900862  0.90438041478671694  0.91499733499017477
  0.92574125868966306  0.93647068613437556  0.94711378370715793  0.95773337658618174
  0.96842553688689836  0.97890385890572795  0.98945961005222927  1.00000000000000000
 -0.00383477456942534  0.02450362143255681  0.04483964668792155  0.06214562123713831
  0.07758957247564348  0.09206340149987838  0.10575120117065825  0.11861859827706485
  0.13110398297523207  0.14348070978546368  0.15548721601200249  0.16719685783632729
  0.17861976908392435  0.18961037967170158  0.19995898853366392  0.21007864209739635
  0.21969782660294873  0.22919259011448276  0.23855738471401550  0.24792629465831661
  0.25702925686638795  0.26603516347861156  0.27484558219960425  0.28359325752572007
  0.29224651504925980  0.30069363122561371  0.30917620499388299  0.31773662109570100
  0.32637712696092336  0.33501647259733291  0.34358564477226267  0.35204429244685592
  0.36042151889583868  0.36870127288634713  0.37689127299507325  0.38505861011856574
  0.39323077857494310  0.40128374608064954  0.40924753783137546  0.41730486917496157
  0.42537522435275671  0.43342851711470753  0.44144910079660682  0.44943723113196232
  0.45754113598824858  0.46569700852645923  0.47382031572264804  0.48180369884762192
  0.48963673688329540  0.49736161689001318  0.50494866568114283  0.51250318098026970
  0.52023950420214582  0.52814738886111245  0.53601391344765559  0.54383204039809130
  0.55166413776490530  0.55951520840498403  0.56750937362103870  0.57556295397519919
  0.58364019193270567  0.59172385671566397  0.59979175881923452  0.60782485890870119
  0.61579256551178063  0.62378223738360383  0.63195893335640296  0.64020215345363840
  0.64859951182732800  0.65709316066665857  0.66563067745259752  0.67424995570920088
  0.68287178025050999  0.69152593022491904  0.70020941914361301  0.70893171015621559
  0.71781256988932540  0.72693645692300524  0.73633508761698718  0.74597113511067459
  0.75565637024831822  0.76546228110464920  0.77550809331876192  0.78593815118706212
  0.79674500950086680  0.80791598180051971  0.81935180459767321  0.83114488178465640
  0.84362498643178185  0.85692780408444014  0.87076916392488768  0.88618113915779451
  0.90364880861685604  0.92451231680096602  0.95170761231882650  1.00000000000000000
 -0.01910454888093981  0.10845662619571428  0.14435464119429128  0.16602293471992632
  0.18321242349042471  0.19798702001383858  0.21120730061160317  0.22336291954671345
  0.23455642628129766  0.24500783388839398  0.25478676632397451  0.26419967238792380
  0.27321317632345204  0.28185293813734025  0.29023317136543103  0.29832932685707475
  0.30620560148448289  0.31390922267376303  0.32130774819925695  0.32861703065203562
  0.33572238148909683  0.34255583575044479  0.34934332543389035  0.35602046404852222
  0.36261654243611185  0.36913558373142435  0.37554911845723471  0.38184895234307242
  0.38808930427619370  0.39428700612079404  0.40037747288066988  0.40639440916711539
  0.41241152283596694  0.41835866966288965  0.42418364829832439  0.42988977263414435
  0.43554457637040184  0.44114611753002708  0.44672544908790085  0.45232074149447593
  0.45794742220320306  0.46358242917261716  0.46918809694551888  0.47474775458636176
  0.48028223232875361  0.48583464216663319  0.49142182751975144  0.49701253906835641
  0.50257403487653052  0.50820180707113694  0.51381116682641992  0.51939948418051396
  0.52495943241595988  0.53049811207843167  0.53606029009017886  0.54171270633303148
  0.54745705466808425  0.55322415260157287  0.55897692194773063  0.56468640349477739
  0.57045325138458614  0.57624123636230751  0.58205762015890061  0.58792985498934591
  0.59379015849219985  0.59971884041030554  0.60576049298977541  0.61193317106167389
  0.61819877875480578  0.62451759934647877  0.63094040462036338  0.63746135228896006
  0.64402475032133277  0.65068266532429564  0.65731913405070230  0.66402087471479065
  0.67092162659753019  0.67802017948243976  0.68531279214550767  0.69283290023494992
  0.70062581374730515  0.70862921115151389  0.71703832523900057  0.72570035070914873
  0.73460709925023338  0.74392321606388956  0.75376851839198855  0.76455629016614335
  0.77577464674155994  0.78777501595053157  0.80092034287134761  0.81585429483081773
  0.83313345475750811  0.85495386921188266  0.89050012574420201  1.00000000000000000
   2.3591507942107579E-003  -1.0000000000000000     
 F F F F F F F F F F F F F F F F F F F F F F F F F F F F F F F F
  <DiscreteSampler_grid>
  grouped_processes
  1 # 1 for a reference and 2 for a running grid.
  10 # Attribute 'min_bin_probing_points' of the grid.
  1 # Attribute 'grid_mode' of the grid. 1=='default',2=='initialization'
  0.0000000000000000 # Attribute 'small_contrib_threshold' of the grid.
  0.5000000000000000 # Attribute 'damping_power' of the grid.
 # binID   n_entries weight   weight_sqr   abs_weight
    10   10   1.048824464116221E+008   2.103219314152791E+016   1.048824464116221E+008
    16   10   1.048824464116221E+008   2.103219314152792E+016   1.048824464116221E+008
  </DiscreteSampler_grid>
