  0.00000180731601991  0.00000592402433172  0.00001126352028252  0.00001665091220311
  0.00002167351142017  0.00002648335632056  0.00003123154846484  0.00003596063696398
  0.00004065422693171  0.00004541136955325  0.00005022238751660  0.00005509369012086
  0.00006003447197630  0.00006485938665406  0.00006969584638745  0.00007466710356053
  0.00007973278680057  0.00008488393063735  0.00009014874727964  0.00009555965327712
  0.00010114211841851  0.00010679917889474  0.00011252025799981  0.00011833319264762
  0.00012425980073319  0.00013033518659457  0.00013655919017249  0.00014289458382539
  0.00014932579712903  0.00015583595584715  0.00016241982427320  0.00016914231346393
  0.00017608828113925  0.00018320313745947  0.00019048292024578  0.00019801030488202
  0.00020583924171098  0.00021385300770469  0.00022214531088709  0.00023074194852061
  0.00023957384277547  0.00024876592237416  0.00025827946246531  0.00026807872866374
  0.00027855181447391  0.00028908826379906  0.00030012819059809  0.00031157606494465
  0.00032336731278918  0.00033639981865207  0.00034948433228391  0.00036325463239079
  0.00037750148866557  0.00039241453987171  0.00040823991474165  0.00042495552551938
  0.00044230752353005  0.00046063428210493  0.00047976351669613  0.00050003583059690
  0.00052148775514645  0.00054399478787124  0.00056774075443218  0.00059269194911632
  0.00061929745494092  0.00064784181734162  0.00067852789336522  0.00071152936896739
  0.00074718178878078  0.00078617571966501  0.00082850776108364  0.00087401553677732
  0.00092223488064099  0.00097369063014567  0.00102944334823626  0.00108937047266514
  0.00115532775727053  0.00122783377663410  0.00131029695236600  0.00140176086920372
  0.00150623480503864  0.00162700092059050  0.00176603105508648  0.00192091346968611
  0.00209307548534225  0.00229205155065704  0.00253263618923810  0.00282197114311788
  0.00319495613191685  0.00364593243217268  0.00423059238441079  0.00497065446367262
  0.00588303700911796  0.00721481683292748  0.00943457473729230  1.00000000000000000
 -0.00225535105291810  0.00900015208939992  0.01845848273599354  0.02853903292917190
  0.03883762177168726  0.04919638317843289  0.05954528612266213  0.06983277510092126
  0.08064942431809405  0.09148224698869964  0.10253408850848385  0.11346843764691963
  0.12413916383936499  0.13453282418400334  0.14476119892989653  0.15522484024366642
  0.16606847362956989  0.17705735380208840  0.18800511159107602  0.19848890486979837
  0.20893621532861165  0.21943214537973482  0.22999177965458956  0.24063848056987594
  0.25149114705740067  0.26245039852206492  0.27317411733053215  0.28370429013583282
  0.29410768010039701  0.30486617603291633  0.31555913323765822  0.32631639682977376
  0.33693567589458728  0.34724518995640313  0.35741648803701048  0.36740047923638436
  0.37761922992982644  0.38841465326775404  0.39948575702697575  0.41077323879362010
  0.42164385671364707  0.43216241973758973  0.44256141704463975  0.45279486591156926
  0.46328643796729829  0.47393134176759699  0.48465363667032069  0.49528312070993541
  0.50584821331861318  0.51656146418180637  0.52720767270299851  0.53779992873879334
  0.54828347256396437  0.55860641622206086  0.56879683265301884  0.57906726770591888
  0.58952963238062217  0.60014556696113242  0.61070123582069225  0.62134834477732526
  0.63200449023569316  0.64272212350002045  0.65340905667934479  0.66417600515130881
  0.67484265530261589  0.68544387538998741  0.69583808847353845  0.70615550673770988
  0.71642121661986791  0.72676342671887373  0.73719929502762371  0.74765050169323544
  0.75818336015248944  0.76892776509180050  0.78000566233373103  0.79096033515739794
  0.80187072556672778  0.81262849189168185  0.82341678697424181  0.83420115329206834
  0.84472905191287007  0.85519072697674503  0.86556223236214436  0.87584774366757956
  0.88564903472243983  0.89558581082865341  0.90550645858155643  0.91573466048285490
  0.92597624729531869  0.93637827482447944  0.94716404407916166  0.95782142444997886
  0.96858260890854153  0.97906088822601489  0.98956772449269692  1.00000000000000000
 -0.00402429469377526  0.02470581561451682  0.04523780810221220  0.06255229861663208
  0.07819233852781922  0.09262990043480057  0.10621119452272806  0.11894134398577166
  0.13123020012827347  0.14310522577985382  0.15474492383499674  0.16603247070943303
  0.17707328722327526  0.18780741070927109  0.19835080207107753  0.20870019106450563
  0.21859816589155540  0.22820345068540837  0.23756563939045119  0.24670449343658554
  0.25567689173865227  0.26460324913575223  0.27358898835343087  0.28277444846400485
  0.29178486638931578  0.30051967344475156  0.30909805870144019  0.31768367436255396
  0.32615476241495162  0.33446770889156346  0.34264503974267363  0.35078814316161439
  0.35902534292003868  0.36734115595897876  0.37564598693209822  0.38392689947662861
  0.39218753288534380  0.40037236897107759  0.40847226771385459  0.41656318821701094
  0.42463162120820486  0.43278412346771766  0.44088486412906425  0.44905554526825953
  0.45724336788328196  0.46548286106453057  0.47366277103637583  0.48170650982524016
  0.48968090440538814  0.49772069723391049  0.50577958435956161  0.51386557686417400
  0.52186621874353245  0.52971474591513779  0.53753091562247968  0.54538183735969481
  0.55321854435231210  0.56108317638586058  0.56897015553427732  0.57678727032591171
  0.58453747565427183  0.59237522540798770  0.60031944506530877  0.60834967279497065
  0.61649086949816490  0.62454134768965308  0.63256973223244639  0.64055567831280513
  0.64865076472196304  0.65700708907159699  0.66541454946355694  0.67385954173333318
  0.68227715571125436  0.69088698029281581  0.69965186134128787  0.70856262144755311
  0.71758549481408951  0.72672282759555773  0.73595937140100631  0.74533836802422371
  0.75498892419210839  0.76495110429581292  0.77518152828996223  0.78561954958292368
  0.79644083295639101  0.80776154704019743  0.81935008857673175  0.83115221770163383
  0.84341179098450891  0.85647112453759044  0.87036802531900492  0.88577621636039938
  0.90324094016369316  0.92413477342239858  0.95255533727080999  1.00000000000000000
 -0.01944717834529208  0.10993045753154945  0.14571172300232613  0.16769357154859751
  0.18512593244397296  0.20006951580386545  0.21332085296965991  0.22536145184707271
  0.23647659209528865  0.24689176046159472  0.25677176519635436  0.26621905407399471
  0.27519277684994081  0.28372699964430870  0.29198276458513001  0.29993916271601856
  0.30765111993230471  0.31519291077890527  0.32258006511189441  0.32982523287457605
  0.33695297143323827  0.34396132090645676  0.35087261191236890  0.35757800871101153
  0.36411380249266151  0.37059805662663114  0.37699128243766594  0.38321087622027572
  0.38928880712661201  0.39525915533767841  0.40112145724231585  0.40692266747614708
  0.41279418396373468  0.41863665452921728  0.42443430343163535  0.43019737824884013
  0.43592020404334070  0.44158846184443162  0.44726212203627674  0.45292400528924415
  0.45855417829660761  0.46413671272993501  0.46969906736909833  0.47525379924927252
  0.48075047268169147  0.48617196883783353  0.49153396137423294  0.49697514859505870
  0.50241108033603243  0.50792008484121109  0.51339037735358095  0.51883372489676005
  0.52426879984667729  0.52968207194856143  0.53509520060180127  0.54053820473201730
  0.54605393122706802  0.55164659430920937  0.55727352330283519  0.56292305177886037
  0.56858529848562955  0.57430797272429424  0.58005949794013978  0.58591848011725056
  0.59184185742757556  0.59777264693975229  0.60375046238044849  0.60978743560820525
  0.61592387092854628  0.62216761335989401  0.62856320710898994  0.63505747573758919
  0.64156550538964385  0.64814487299310208  0.65485370827220446  0.66169986155467142
  0.66877313280993400  0.67605061742978267  0.68348054974465955  0.69121597578972815
  0.69928556927703667  0.70763320750328729  0.71622145123857572  0.72502125911625759
  0.73405959666415199  0.74351058111939528  0.75352036160286939  0.76413393106763838
  0.77533881757868051  0.78736186091197990  0.80065334273588140  0.81554415499804811
  0.83292872571381871  0.85487524725045372  0.89049745251917167  1.00000000000000000
   2.3724425435189015E-003  -1.0000000000000000     
 F F F F F F F F F F F F F F F F F F F F F F F F F F F F F F F F
  <DiscreteSampler_grid>
  grouped_processes
  1 # 1 for a reference and 2 for a running grid.
  10 # Attribute 'min_bin_probing_points' of the grid.
  1 # Attribute 'grid_mode' of the grid. 1=='default',2=='initialization'
  0.0000000000000000 # Attribute 'small_contrib_threshold' of the grid.
  0.5000000000000000 # Attribute 'damping_power' of the grid.
 # binID   n_entries weight   weight_sqr   abs_weight
    10   10   4.856983356537045E+008   6.102035723812362E+017   4.856983356537045E+008
    16   10   4.856983356537045E+008   6.102035723812362E+017   4.856983356537045E+008
  </DiscreteSampler_grid>
