 -0.00616844420070554  0.06200565979383725  0.08353030866997999  0.10149229605414643
  0.11730016459552006  0.13135105504317329  0.14402352183535744  0.15587230497620300
  0.16692101190063471  0.17714048503751514  0.18644124054351105  0.19547280954446966
  0.20424055891954465  0.21249116259971687  0.22023188199671001  0.22777444650520545
  0.23513360784926962  0.24245502274662217  0.24946218388214270  0.25618361910688237
  0.26264480863402018  0.26891436230357069  0.27508677024406319  0.28119419216634217
  0.28718501576959615  0.29317231393427085  0.29901665473638533  0.30476031135938786
  0.31034187559798604  0.31571800411332734  0.32097773214268799  0.32616925651610706
  0.33132759276094748  0.33648342227601702  0.34158643765267999  0.34661677414017411
  0.35162873829391172  0.35656504434015407  0.36147384301569974  0.36630722765083645
  0.37103278798956307  0.37573137572943049  0.38040040058245683  0.38502946286571094
  0.38961918288924474  0.39417687036755067  0.39870567866240936  0.40319742783136098
  0.40764288417122757  0.41206655551205151  0.41657060912071581  0.42117143432786963
  0.42583766330324763  0.43050196098985338  0.43513692731255649  0.43979925194070091
  0.44445925426836946  0.44914894574620523  0.45381589281289847  0.45848320920027225
  0.46318675462524384  0.46794179317274415  0.47273888375993528  0.47759028865993136
  0.48243799337776955  0.48735350808596783  0.49228997701834587  0.49754938378380920
  0.50307778903611966  0.50875774421481812  0.51457899063532009  0.52036073479911282
  0.52629224491228810  0.53229661638804349  0.53842425468528943  0.54467079656726114
  0.55104235899645615  0.55755722863281809  0.56423900079129219  0.57112932158646756
  0.57824977828108026  0.58562278315661576  0.59329921154151422  0.60334969658127657
  0.61393631258979120  0.62484919251500470  0.63640510875311984  0.64882633641116438
  0.66230652588225569  0.67710951470459824  0.69284863318460777  0.71364307071471500
  0.74304825316825718  0.78066111894781776  0.83890274912355067  1.00000000000000000
 -0.00239522788973719  0.00947650839863533  0.01982366684642630  0.03054663246012118
  0.04139062004079618  0.05182215314895109  0.06191870031403654  0.07161751623472519
  0.08127713533263671  0.09134674691777986  0.10154150270203553  0.11229251930950920
  0.12269901344524220  0.13376394495989624  0.14473797483018819  0.15538749666838383
  0.16591540816349926  0.17663682988954449  0.18712831339708524  0.19758929943421094
  0.20808037005936056  0.21885832401690353  0.22955608470501296  0.24014782448779196
  0.25063690828079005  0.26099737001951501  0.27153753700439243  0.28211852335128274
  0.29281367053308549  0.30383876679213362  0.31480659962103991  0.32547064068714726
  0.33584095032106348  0.34638058863684884  0.35673384026303212  0.36681110525541394
  0.37681461251640708  0.38715653592984700  0.39754716341210283  0.40771381342768626
  0.41754006339624927  0.42780748207167707  0.43836470960853868  0.44912857645119642
  0.46017319748522462  0.47109193949018313  0.48207365346670200  0.49277140212377757
  0.50342668443629668  0.51372387970475131  0.52408522428724791  0.53463937080091495
  0.54542406958210721  0.55625809136525062  0.56718160714364474  0.57845157154123661
  0.58948724640702388  0.60049310512657428  0.61111640976767367  0.62169805873224149
  0.63235317500452448  0.64279773715483512  0.65324315338322103  0.66390005676805164
  0.67478227883972819  0.68575968243793572  0.69634298634406011  0.70687216800808794
  0.71722575181028969  0.72753129128919503  0.73780649536079346  0.74805929792716430
  0.75820609678322559  0.76861619022959804  0.77899685363572624  0.78955680808152040
  0.79975936906370315  0.80999553780220046  0.82017527540963775  0.83006308478388813
  0.84019943369629113  0.85035614434123852  0.86022026428826137  0.86992613513250672
  0.87988662785363558  0.89032939821114565  0.90057981301070189  0.91050797690289897
  0.92081367823311966  0.93198521435891857  0.94342810010194877  0.95491056123795548
  0.96617135007674171  0.97763874578853294  0.98878006034995225  1.00000000000000000
  0.00736150460417071  0.01273172908890248  0.01726854884545883  0.02189654102810816
  0.02836878499529160  0.03457096992391855  0.04069020109270043  0.04686427579436128
  0.05292749952580125  0.05905215584813118  0.06520910013194531  0.07146571722295932
  0.07771374837901676  0.08388335085355841  0.09006198937712416  0.09634096242848389
  0.10284834282627962  0.10969711828230574  0.11673280588348477  0.12381679623762024
  0.13092599665124041  0.13801625907375570  0.14515740989730849  0.15239114619288202
  0.15967483998623666  0.16693360128382256  0.17404462220933214  0.18116434559628466
  0.18828474845155413  0.19539840970454281  0.20255458147695241  0.20989989276998472
  0.21739161971774965  0.22484890863882029  0.23238937266843065  0.23994390664556858
  0.24753334669934871  0.25522442425425340  0.26291861896227231  0.27068611374941215
  0.27839548850353391  0.28622728773377371  0.29404466428602072  0.30195245416157629
  0.30979028993401325  0.31755688197244586  0.32526838679685205  0.33322167412102760
  0.34142183956605321  0.34971640888569200  0.35809352959804325  0.36662601009741880
  0.37534452880847846  0.38426977544409624  0.39320010048774318  0.40215766099344724
  0.41121807508448899  0.42055601271051946  0.43004047401931073  0.43953016505400128
  0.44895002792257138  0.45842483958040708  0.46818791944606175  0.47816188459092829
  0.48831451677249738  0.49866543143796327  0.50941847042673938  0.52045585726979937
  0.53161554434585112  0.54280014489042383  0.55407196784735258  0.56548024831247301
  0.57697495540077393  0.58851326689850347  0.60013673003321166  0.61196915832071119
  0.62430631488832167  0.63731946145611051  0.65069375705098342  0.66420319667212724
  0.67805931847036227  0.69213349704085136  0.70667269022943635  0.72190533104023336
  0.73750904096847303  0.75340672527387142  0.76972042375445338  0.78640296069705762
  0.80382439860169330  0.82252826317815608  0.84237314995481261  0.86331969839497358
  0.88753345044603882  0.91597204163185431  0.95120802748543853  1.00000000000000000
 -0.00506162589049921  0.04201391102693773  0.06195834505707631  0.07492082928096352
  0.08538494470506207  0.09437444093455956  0.10282152380341621  0.11035154040707996
  0.11754095186235855  0.12461473995205496  0.13144394944094828  0.13811223500988093
  0.14466247984118139  0.15103856045127154  0.15727824664125575  0.16343532584993906
  0.16950564897953149  0.17559845471697696  0.18182416154107833  0.18798215874782584
  0.19406464714783275  0.20010240146474792  0.20615109901378398  0.21235243390240316
  0.21862604046008816  0.22487952143363571  0.23115297443746249  0.23747650331344827
  0.24382950362218700  0.25022220345781149  0.25662045384186338  0.26295982130150086
  0.26935482357435803  0.27568147472811322  0.28200815208646024  0.28830243699886265
  0.29451583075592269  0.30070144042170222  0.30694791674510030  0.31335724313759195
  0.31990731493647739  0.32647913079931185  0.33303815386902247  0.33961957771080226
  0.34625860213681658  0.35299154802161414  0.35990540720875669  0.36706746251217842
  0.37435322010475208  0.38172908038508863  0.38891103421643869  0.39592735933227230
  0.40280197982662397  0.40972485247856388  0.41688774535099971  0.42432466542486375
  0.43181407288074125  0.43939132872610515  0.44706761077960455  0.45484593817545832
  0.46300197926010433  0.47146856892585326  0.47998333851590796  0.48847740138154444
  0.49695091064142871  0.50539130650486808  0.51387897048995879  0.52245998155828566
  0.53112891516454197  0.53992821322517581  0.54870652222307104  0.55737531663940343
  0.56617903329397401  0.57541278268092511  0.58492362931511399  0.59458520243276425
  0.60431477479654738  0.61430664602565932  0.62461034326935427  0.63512610798248592
  0.64583897284840874  0.65680748840442793  0.66802109203105731  0.67976236396992462
  0.69226019270347328  0.70549808416035920  0.71917636422109743  0.73381184381142128
  0.74973435810256439  0.76654361665486248  0.78544431770690593  0.80655984747297671
  0.83086599216829116  0.85955107569760703  0.90101477911418371  1.00000000000000000
   26.331184367347113       -1.0000000000000000     
 F F F F F F F F F F F F F F F F F F F F F F F F F F F F F F F F
  <DiscreteSampler_grid>
  grouped_processes
  1 # 1 for a reference and 2 for a running grid.
  10 # Attribute 'min_bin_probing_points' of the grid.
  1 # Attribute 'grid_mode' of the grid. 1=='default',2=='initialization'
  0.0000000000000000 # Attribute 'small_contrib_threshold' of the grid.
  0.5000000000000000 # Attribute 'damping_power' of the grid.
 # binID   n_entries weight   weight_sqr   abs_weight
    13   10   1.122172984111484E+008   2.589461703474624E+016   1.122172984111484E+008
    14   10   1.122172984111484E+008   2.589461703474622E+016   1.122172984111484E+008
    16   10   1.122172984111484E+008   2.589461703474623E+016   1.122172984111484E+008
    17   10   1.122172984111484E+008   2.589461703474622E+016   1.122172984111484E+008
  </DiscreteSampler_grid>
