  0.00000237818234220  0.00000238205661984  0.00000239365088905  0.00000240883547127
  0.00000242519799289  0.00000244287016956  0.00000246042097348  0.00000248198572646
  0.00000250677515725  0.00000253290439297  0.00000255965944237  0.00000258678896319
  0.00000261420446610  0.00000264258299064  0.00000267160299864  0.00000270091392093
  0.00000273206931965  0.00000276542547251  0.00000280052010161  0.00000283814081627
  0.00000287646133582  0.00000291594037949  0.00000295653093492  0.00000299800021527
  0.00000304005620383  0.00000308253887485  0.00000312588372975  0.00000316797126416
  0.00000321786399522  0.00000327252800248  0.00000332927121805  0.00000338710205282
  0.00000344702497934  0.00000350771586726  0.00000356966599592  0.00000363344189598
  0.00000370294211740  0.00000377972288660  0.00000386117392984  0.00000394659621820
  0.00000403215805876  0.00000412036382118  0.00000421031776960  0.00000430370276856
  0.00000440513041939  0.00000451709149589  0.00000462912678869  0.00000474672110321
  0.00000486860810164  0.00000499330293658  0.00000513888433309  0.00000529822253063
  0.00000545971824969  0.00000562776647971  0.00000580721315277  0.00000600187001783
  0.00000621989072897  0.00000644635831800  0.00000668475213640  0.00000694948870322
  0.00000723592277372  0.00000753534994705  0.00000785198414939  0.00000821517929488
  0.00000861431885653  0.00000902596931921  0.00000947149573762  0.00000995037256632
  0.00001046406878211  0.00001104529712585  0.00001169298948842  0.00001239873038627
  0.00001317209353845  0.00001398109843981  0.00001491993586655  0.00001598608033121
  0.00001719689073395  0.00001857026999270  0.00002013432467679  0.00002206828799506
  0.00002431321440702  0.00002698704318404  0.00003026162457128  0.00003451747221478
  0.00003982890820034  0.00004652769543568  0.00005494516865936  0.00006528205072805
  0.00007873043062977  0.00009659298120002  0.00012154976330468  0.00015484882291102
  0.00022257908023729  0.00038039503081556  0.01384179098474249  1.00000000000000000
 -0.00295556096246680  0.01034179168411710  0.02135744577555194  0.03244789720074232
  0.04322385685341684  0.05373878137737905  0.06421062109027492  0.07473882776383352
  0.08531278091727490  0.09559624643322785  0.10570565591175446  0.11591123002151611
  0.12629747841924105  0.13690931641745485  0.14749904556202079  0.15800345030469498
  0.16870061907646750  0.17956749509896239  0.19005296020978704  0.20030529262996355
  0.21060009589467993  0.22133123754254602  0.23213174931206687  0.24332587234750502
  0.25409545221827362  0.26467328091770798  0.27493041649340078  0.28547913055698843
  0.29577547198062459  0.30624543145990346  0.31651655994675459  0.32688547858795214
  0.33726406921262286  0.34756802263766762  0.35808293555658949  0.36873867873289462
  0.37991052285190391  0.39104258134635850  0.40193341311672254  0.41276079751728212
  0.42359932010437251  0.43464412744753578  0.44553638134315587  0.45611390114221040
  0.46638287057826133  0.47662649936610335  0.48734638989464441  0.49844718661697596
  0.50967692090250105  0.52093714394757307  0.53218823619776112  0.54346927341499562
  0.55490752044991154  0.56633104570691917  0.57770495713286374  0.58873181239489281
  0.59904625264142708  0.60914277444876030  0.61900279565214478  0.62907520330637234
  0.63906193923997068  0.64908983246939267  0.65943302337359588  0.67004153670040290
  0.68080925454039809  0.69146131050094084  0.70169586173041210  0.71185236503529270
  0.72201547436221281  0.73226855422849269  0.74206096102451891  0.75200678086667194
  0.76264599014132506  0.77365908686359142  0.78477099733490940  0.79592120664537347
  0.80715290272902762  0.81767390012976104  0.82776718414388339  0.83820947797130008
  0.84892587340511683  0.85944016644965948  0.86957362120879833  0.87993020262293931
  0.89071722728732172  0.90138041495059451  0.91159556962208788  0.92177630724799897
  0.93173483004795177  0.94158716340153192  0.95113228673550942  0.96098073609995560
  0.97083313962448037  0.98059461702543027  0.99026009552925554  1.00000000000000000
  0.00779724669309081  0.02528676331870072  0.04614124053178059  0.06677496192635149
  0.08692362389451473  0.10669465755963427  0.12600052807501358  0.14472049196692160
  0.16295220161457871  0.18098073368085305  0.19883620808543209  0.21660427105251526
  0.23418954828859928  0.25074076206319107  0.26665160331202292  0.28264812616253077
  0.29834558155856106  0.31365597991765454  0.32914391383129454  0.34445807760415043
  0.35935858625873363  0.37388997238431076  0.38801170905714649  0.40170602564741237
  0.41542411370361532  0.42851246973345186  0.44176370672151272  0.45475877466206394
  0.46749003172322512  0.47991722938525361  0.49215808164152047  0.50430880547172396
  0.51630338458375491  0.52805792835943222  0.53955988401435817  0.55084121668083108
  0.56192262661318859  0.57289261370067002  0.58402376687806201  0.59522644964977234
  0.60638702364531072  0.61742971216762399  0.62825298122636153  0.63888193965022144
  0.64952811198094429  0.66005835988674000  0.67037230317189189  0.68033685617964934
  0.69015437476677832  0.69978734334955239  0.70920559056156418  0.71863154074902691
  0.72799135881949806  0.73725385796809528  0.74649510471503377  0.75553286610977310
  0.76449133132676728  0.77322803089998282  0.78162952568827004  0.78978495314016295
  0.79772780468365745  0.80558257008185918  0.81350885534888462  0.82158988733107341
  0.82963737354516431  0.83734882291191770  0.84476906400687413  0.85193798485128136
  0.85900676553527344  0.86573700104840789  0.87257858023178236  0.87908355979416464
  0.88548691328117446  0.89185278704628745  0.89819373753906706  0.90450984964602743
  0.91072161180616240  0.91676759339071634  0.92265427558677382  0.92842235892396441
  0.93410833300754348  0.93971272048354826  0.94512937001976804  0.95064043693317490
  0.95589500855505083  0.96078955999905491  0.96535404114482848  0.96971914354912625
  0.97403393311112119  0.97816561394765400  0.98217091059400752  0.98598834669133839
  0.98961044086167049  0.99311141547790160  0.99655877395034309  1.00000000000000000
 -0.00215463187197128  0.06191416661854403  0.08252412176643745  0.09658362500468999
  0.10845753738096246  0.11831154550823082  0.12749722418010823  0.13541863458379627
  0.14278829580592622  0.14971667916161235  0.15618581869130860  0.16267976180006744
  0.16895782225224409  0.17505083534126620  0.18095986833570218  0.18681850752710749
  0.19269580311990633  0.19864040125902477  0.20461818772276186  0.21065130970984103
  0.21686584155671904  0.22329049623221098  0.22971052260934122  0.23607697439572306
  0.24238556689381513  0.24857063271822982  0.25448252199559274  0.26032407669706442
  0.26606963493360924  0.27182013468885580  0.27765220674817048  0.28355625782750205
  0.28953638904829371  0.29556435265017900  0.30158734766068873  0.30770439565475077
  0.31401429687228455  0.32022306473791878  0.32641730140573927  0.33248709991401110
  0.33854306980902432  0.34465463665473300  0.35078443344844662  0.35684167260135735
  0.36287115535095532  0.36894355318323424  0.37517102622267434  0.38170119897957799
  0.38836432095689943  0.39520373031637057  0.40226023950516737  0.40929508187450492
  0.41619561398610816  0.42299723304503090  0.42981272459483222  0.43677901409221898
  0.44379883055285724  0.45073749881146036  0.45767058282523815  0.46474334765529729
  0.47206192595597252  0.47963482193255669  0.48711775263802948  0.49450886197184291
  0.50193131265833768  0.50951866227436582  0.51723732021012514  0.52501518738047293
  0.53274133773053878  0.54066314602921517  0.54873996119830293  0.55716969177028408
  0.56579153941176341  0.57462697001595353  0.58359126962101149  0.59294804982233495
  0.60253391428368264  0.61204913503160618  0.62176642284663008  0.63193634635357243
  0.64259732211233100  0.65325664613683809  0.66414657241434361  0.67590642543523105
  0.68838447228947564  0.70111643439287930  0.71452917052003140  0.72889963874900365
  0.74422654028332613  0.76038505055960703  0.77818163986579847  0.79839514741346973
  0.82148964221036991  0.84895338476509896  0.88974768217684885  1.00000000000000000
   1656.7809392953232       -1.0000000000000000     
 F F F F F F F F F F F F F F F F F F F F F F F F F F F F F F F F
  <DiscreteSampler_grid>
  grouped_processes
  1 # 1 for a reference and 2 for a running grid.
  10 # Attribute 'min_bin_probing_points' of the grid.
  1 # Attribute 'grid_mode' of the grid. 1=='default',2=='initialization'
  0.0000000000000000 # Attribute 'small_contrib_threshold' of the grid.
  0.5000000000000000 # Attribute 'damping_power' of the grid.
 # binID   n_entries weight   weight_sqr   abs_weight
    13   10   4.782271458166630E+011   1.954068045083848E+024   4.782271458166630E+011
    14   10   4.782271458166633E+011   1.954068045083851E+024   4.782271458166633E+011
    16   10   4.782271458166631E+011   1.954068045083849E+024   4.782271458166631E+011
    17   10   4.782271458166633E+011   1.954068045083851E+024   4.782271458166633E+011
  </DiscreteSampler_grid>
