  0.01139458937237156  0.01633291848892279  0.02429286896163522  0.03408753475941649
  0.04371445928234091  0.05342278133019673  0.06324030822125096  0.07322328092294951
  0.08334141709159808  0.09358733716445203  0.10395273913617795  0.11445474260830224
  0.12507684017744936  0.13582764734256098  0.14667332135456845  0.15765389895193563
  0.16872838017754269  0.17997994058493416  0.19137751609912942  0.20288246502891830
  0.21449295870754181  0.22622102780036676  0.23805213882888379  0.25003590140531456
  0.26216943663203218  0.27440341637314952  0.28667085824579841  0.29900968314606757
  0.31146043793749678  0.32401550947828034  0.33667244875190899  0.34940160806798021
  0.36220500172673542  0.37508403051661476  0.38797059651116794  0.40086484282991003
  0.41369401237416042  0.42654449717676046  0.43935083032646333  0.45203175157876208
  0.46458536199769329  0.47707748562339042  0.48962716344759771  0.50215499082794868
  0.51460749626148039  0.52700425127637596  0.53935473561594061  0.55155118275735782
  0.56356312639165329  0.57549943906156453  0.58733564520852455  0.59906003545867981
  0.61065080888618772  0.62211617887516768  0.63350301275649745  0.64480444733954456
  0.65598005197314124  0.66700088688178860  0.67785284388772871  0.68857436328946020
  0.69910743943862308  0.70950673783335216  0.71974742491308186  0.72992033390011435
  0.73995369168605996  0.74992771801487834  0.75969185616285917  0.76935796987730865
  0.77884977687908441  0.78820762470035699  0.79738885142415450  0.80646653912755062
  0.81550925468051350  0.82447023652157758  0.83330737434566304  0.84199017522155029
  0.85055007773792823  0.85908217270412368  0.86755698780090962  0.87597905633069806
  0.88426294594791377  0.89252575694376834  0.90065879676125704  0.90869101135588715
  0.91665613289044146  0.92451280820037329  0.93227901714679806  0.93994423567217911
  0.94750059314345692  0.95500438187353764  0.96244043295177750  0.96979967526447008
  0.97709490120405329  0.98410869835189541  0.98883665406742927  1.00000000000000000
 -0.00246345514256088  0.00951458697274694  0.01970192342718564  0.03022013642940408
  0.04076643712719297  0.05137415734782196  0.06194581390546364  0.07250687233269364
  0.08309240471868737  0.09369111739836024  0.10431224634462545  0.11485267092936047
  0.12538132002863417  0.13592736986892884  0.14641439838311388  0.15691521876379128
  0.16745459946288296  0.17795731270389969  0.18843172831884664  0.19888667858945516
  0.20944905939646369  0.22008084001667289  0.23069511852455260  0.24128116413111264
  0.25188359364292418  0.26247143042097482  0.27300416669450234  0.28351981852200941
  0.29404919120835843  0.30466801701463969  0.31526809814294765  0.32584607369535884
  0.33640692536075129  0.34696854220975643  0.35761855701297790  0.36823284241313664
  0.37882080496624310  0.38934253439842409  0.39991965793732648  0.41048856696623665
  0.42106353471138036  0.43163850876661147  0.44219681753859180  0.45273140423904945
  0.46326366622413173  0.47380218926779105  0.48434136808287420  0.49483765309127881
  0.50537445163484429  0.51590873596982711  0.52641929740317606  0.53697210309371257
  0.54746485360658992  0.55791966927338865  0.56832770611050731  0.57877125909886451
  0.58919384876852499  0.59968207007806629  0.61014861291012013  0.62059282394148596
  0.63096338237064076  0.64137580547728579  0.65183914280155886  0.66229962507617290
  0.67271500188672362  0.68317183546985727  0.69368194781174453  0.70428211693135367
  0.71482469685767702  0.72538760802363123  0.73595496241330982  0.74660717691408562
  0.75725833272818344  0.76796043288739679  0.77849713020032252  0.78898247902166174
  0.79941824504793790  0.81002431190504987  0.82061400799417294  0.83120061843824533
  0.84175103538612239  0.85239182224350885  0.86302534224658478  0.87356822263230727
  0.88407335482565508  0.89460904939060393  0.90522211280861509  0.91580006161602756
  0.92635153277401250  0.93684144426811544  0.94739002365358060  0.95785715165547747
  0.96836872504936478  0.97885859917611939  0.98944487224075339  1.00000000000000000
 -0.00151793407413656  0.00741675662224928  0.01592174111039379  0.02515911426554067
  0.03475722748589147  0.04462253974956796  0.05466983813544186  0.06484765776360848
  0.07511053436723927  0.08534219667879789  0.09555692561532624  0.10576657802893136
  0.11602608148580029  0.12634150899587832  0.13669956028064542  0.14712473068674312
  0.15756502151287813  0.16797643624958497  0.17835591772239712  0.18876860624112732
  0.19919605847883087  0.20961854214873890  0.22002215510351658  0.23043060463141610
  0.24081783014611910  0.25117304628567932  0.26155392794764770  0.27197148489529122
  0.28244282849222702  0.29288976375235631  0.30336461641382217  0.31390998525989328
  0.32452299799281931  0.33510684483826181  0.34559951493330510  0.35605661012025680
  0.36651640970787869  0.37702144508013430  0.38755594229656859  0.39808277475051740
  0.40862302996650018  0.41914786365947798  0.42969854791010426  0.44027881495672078
  0.45088152625899153  0.46143182408663108  0.47189663721721270  0.48232966645613712
  0.49280276831125419  0.50333590134027939  0.51385516771324480  0.52437381041145303
  0.53490066142697501  0.54547487297556552  0.55609987213978607  0.56673124013451748
  0.57741779348918854  0.58802767489041285  0.59860467428476472  0.60917553809348257
  0.61979532547026039  0.63031911896562620  0.64078211656176232  0.65130131798807522
  0.66191358121371147  0.67250831888610019  0.68308335160298717  0.69368305374721562
  0.70434869216346274  0.71492931126276549  0.72550971666715158  0.73607888746320660
  0.74668817431661461  0.75728456269553257  0.76789324439578421  0.77854127292291608
  0.78917953510035976  0.79984243193856086  0.81056583669458449  0.82139215233763674
  0.83225123635905562  0.84308712488431081  0.85388627055183031  0.86464442337649305
  0.87538390343823669  0.88616744881354537  0.89697976494718334  0.90784585291359499
  0.91874470767792293  0.92963750850175320  0.94060608566025217  0.95164879075019382
  0.96293586276442455  0.97445803020713917  0.98688059585354582  1.00000000000000000
  0.04626337618651535  0.26445491025846951  0.27421870574182866  0.28296931610137155
  0.29155324454519144  0.29977362293957943  0.30776050752770590  0.31550543920273938
  0.32296992050460627  0.33028103458821545  0.33732954522730635  0.34413092624969693
  0.35081609930665092  0.35732324608979593  0.36372800785713832  0.37008720164981018
  0.37632074156097878  0.38241348382947715  0.38843244139962946  0.39441481024296898
  0.40023560745317605  0.40596472930854099  0.41164039921785894  0.41723674337449246
  0.42275230384421419  0.42823409407963836  0.43370694195942183  0.43911929350851175
  0.44448114050604870  0.44981078595944451  0.45511248903743329  0.46036777461160910
  0.46556405073896767  0.47073081498377450  0.47586862648833611  0.48097909700326591
  0.48605551222516136  0.49110773562014604  0.49615024964715931  0.50118772249361576
  0.50619460823719042  0.51116523214394793  0.51612079700739044  0.52104023292111090
  0.52593726835661125  0.53079932378834993  0.53567952162693966  0.54053563721725328
  0.54536168720488853  0.55016021042097174  0.55494155158034142  0.55969504403227632
  0.56441019590816766  0.56909026838162613  0.57374704593124082  0.57838964677726201
  0.58301629142150080  0.58761394718940452  0.59217611277728166  0.59672387754763767
  0.60126511257162496  0.60579965497175159  0.61034982990423270  0.61488076148226922
  0.61942159412658748  0.62394657958181510  0.62844395231313821  0.63292017230184772
  0.63738608385493944  0.64184517843278999  0.64630239095678543  0.65077243859922107
  0.65523996619796132  0.65971140189853805  0.66417282229774666  0.66861407979250376
  0.67303799615477211  0.67745552124496511  0.68186593033102461  0.68627045858926505
  0.69067809598375529  0.69507798340305160  0.69946007501867757  0.70382884828452408
  0.70820177262716466  0.71259526630086023  0.71698350982453252  0.72136170715468728
  0.72573616073433711  0.73010997920399201  0.73447917494297410  0.73883020222471429
  0.74327265028682932  0.74736856235025440  0.74927193062539565  1.00000000000000000
   4.7072372095293960E-003  -1.0000000000000000     
 F F F F F F F F F F F F F F F F F F F F F F F F F F F F F F F F
  <DiscreteSampler_grid>
  grouped_processes
  1 # 1 for a reference and 2 for a running grid.
  10 # Attribute 'min_bin_probing_points' of the grid.
  1 # Attribute 'grid_mode' of the grid. 1=='default',2=='initialization'
  0.0000000000000000 # Attribute 'small_contrib_threshold' of the grid.
  0.5000000000000000 # Attribute 'damping_power' of the grid.
 # binID   n_entries weight   weight_sqr   abs_weight
    13   10   1.457748920079966E+008   3.005559796661808E+016   1.457748920079966E+008
    14   10   1.457748920079966E+008   3.005559796661809E+016   1.457748920079966E+008
    16   10   1.860393752080199E+008   4.880661509951938E+016   1.860393752080199E+008
    17   10   1.860393752080199E+008   4.880661509951940E+016   1.860393752080199E+008
  </DiscreteSampler_grid>
