 -0.00031508564820676  0.01386486329222992  0.01874331450036888  0.02465706842310487
  0.03017199115328000  0.03558428311155185  0.04126031646646813  0.04753833369902782
  0.05448865009118036  0.06157955737151893  0.06833413923900337  0.07514986248648556
  0.08212958786817892  0.08913419340398422  0.09649003460145623  0.10400395465988792
  0.11202869380398209  0.12001670867722158  0.12833775030675088  0.13699513607444713
  0.14559086024624371  0.15429257077477493  0.16303418203569744  0.17173624546951577
  0.18079826648520145  0.19035474882499723  0.19999867398288507  0.20972556494647593
  0.21973026826323286  0.22988762928048376  0.23997366843122583  0.25032548004872668
  0.26117538569481913  0.27208907710056401  0.28291080339591185  0.29379432010608086
  0.30489788549224150  0.31629493380398310  0.32758053285898692  0.33887762379785141
  0.35003829209901666  0.36188373890864511  0.37382670457334310  0.38571742773161022
  0.39766793208761908  0.40963020609210937  0.42191803541573580  0.43478532112975687
  0.44757721373168957  0.46023600505965345  0.47272206715031678  0.48338125541320243
  0.49391585721379239  0.50511969580272620  0.51737690490898625  0.53056383913631811
  0.54381641513840695  0.55719512426395179  0.57034731000208638  0.58339690751784046
  0.59636697364386648  0.60933537547793148  0.62226206915005855  0.63475892369681119
  0.64725618171711607  0.65950072602700849  0.67162431325588412  0.68359596841347658
  0.69545160641378378  0.70736689402468700  0.71933823891298543  0.73123638690046733
  0.74322614049883062  0.75480997746115275  0.76636484746278755  0.77815084543203172
  0.78975219176726175  0.80122067453057677  0.81276427229605619  0.82446918311103345
  0.83606030570287915  0.84757582458643066  0.85891024181682107  0.87005109024352378
  0.88107499180534410  0.89220704392790884  0.90422850673389721  0.91602855910888403
  0.92739576480778185  0.93855836354824362  0.94972937707434502  0.96142029313169364
  0.97347902278108722  0.98233124397521865  0.98501209542358692  1.00000000000000000
 -0.00240059819467958  0.00957815017192004  0.01980406201730716  0.03112410439942912
  0.04193666135715977  0.05264950566346650  0.06321621594152679  0.07347937718889817
  0.08370088368650026  0.09403041579763786  0.10449658141738262  0.11492882181046654
  0.12534040249926784  0.13587356464649833  0.14660223132619496  0.15752682775268473
  0.16803593278239856  0.17882344773156994  0.18906873598761983  0.19958429870716562
  0.21026098392521753  0.22111780460257829  0.23213370336207131  0.24313443405503746
  0.25413406932138954  0.26517828932816057  0.27582791147810265  0.28638057919051130
  0.29711651733169198  0.30781606975684456  0.31846696404094865  0.32887880350091175
  0.33978207013101258  0.35059555437587214  0.35931898187683808  0.36783771616661004
  0.37631001352260102  0.38560514835101711  0.39583922395270577  0.40612546852407067
  0.41655040603303972  0.42699515897948415  0.43733223462365128  0.44765943542778736
  0.45793386569216410  0.46835599995289223  0.47901832793859861  0.48993788390815551
  0.50098641608126093  0.51223654921178807  0.52321493713211598  0.53379601722271641
  0.54434755048699590  0.55531463279886006  0.56641232798673358  0.57745836043641885
  0.58838149018322861  0.59904725732195285  0.60932573460251527  0.61945284751271135
  0.62979985434664687  0.64032966057749419  0.65082254652722704  0.66104592326132594
  0.67122810315150538  0.68145776247586654  0.69168533485827510  0.70175848019082021
  0.71173482601870075  0.72182114074649761  0.73217015589606294  0.74266422259595322
  0.75340512822450856  0.76428691173376895  0.77522251671166664  0.78628408552312845
  0.79718826616374161  0.80797547812478154  0.81841982889460163  0.82874658825550807
  0.83910936218248566  0.84956791548718258  0.86057008018207559  0.87143446243848388
  0.88253368118938602  0.89348129629588258  0.90458154173666105  0.91576693684356547
  0.92685875620626423  0.93770406474667933  0.94845638592678949  0.95880722595198831
  0.96929265480244120  0.97953854206369273  0.98985918815126017  1.00000000000000000
  0.01073113560430090  0.01139893679009816  0.01206673797589541  0.01273453916169267
  0.01340234034748993  0.01407014153328719  0.01502558527249082  0.01619263616940579
  0.01735968706632077  0.01852673796323574  0.02137604243957872  0.02860666721416033
  0.03624203168048559  0.04394935746848739  0.05222758614288218  0.06102448024145145
  0.06970441825744211  0.07791491209584588  0.08593494618708987  0.09400413854779890
  0.10285887621044443  0.11199970778414869  0.12107507001560110  0.13014535373934064
  0.13922560876100587  0.14837046585921002  0.15747211747151674  0.16649717671055508
  0.17551525636276150  0.18464184490183944  0.19382494479084056  0.20318878957565764
  0.21276309731264972  0.22240331388588344  0.23193282500421089  0.24154486699415742
  0.25117651554805459  0.26041703053509357  0.26972737508124184  0.27911111964493729
  0.28848250659359237  0.29794253776560470  0.30750016193846352  0.31750650116330237
  0.32777520416498690  0.33784670096539898  0.34782450701090034  0.35785990985640953
  0.36792695795383096  0.37806890232007179  0.38812762233243792  0.39816684443282430
  0.40825648554674837  0.41843617092811852  0.42880741472129541  0.43917411846280779
  0.44945494308216544  0.45968572796001556  0.46975305062671319  0.47989011617059596
  0.48988730715103923  0.50014238592867832  0.51082819336090834  0.52152265391287167
  0.53179073242620400  0.54194768266917381  0.55261664163970559  0.56388401019421064
  0.57555799199588897  0.58741610305454184  0.59952943521076685  0.61152035774933966
  0.62331444553693016  0.63508706321975616  0.64701754664449596  0.65868035927470625
  0.67005741900975158  0.68150516603840083  0.69338807156720683  0.70550574603664429
  0.71831008191966383  0.73167041305963154  0.74505665541042077  0.75840697191311113
  0.77202144743279966  0.78654004946904077  0.80188087831461863  0.81783541666634130
  0.83449159544861506  0.85197975203629828  0.87051027262651381  0.88950558028348015
  0.90981669528341991  0.93323614667742072  0.96205843096941424  1.00000000000000000
 -0.01396401053429371  0.10133555671005604  0.13982768444352289  0.16684506986712844
  0.18895165322938776  0.20805422809438157  0.22554655767542919  0.24118026104689230
  0.25561453605037437  0.26855474714144589  0.28074029538223239  0.29254561150405778
  0.30420511260153654  0.31566171783232333  0.32705743573278168  0.33850990438968792
  0.34990761000810189  0.36127709067472025  0.37230435287405894  0.38256296674410850
  0.39229093963317951  0.40165407922395147  0.41080480732031799  0.41977889448582750
  0.42858766298458723  0.43740788444521445  0.44636443643335189  0.45548809493401926
  0.46455853280474640  0.47336078128907100  0.48201233392448611  0.49063777476993548
  0.49927797014428249  0.50789670565188449  0.51633616279699313  0.52468999403394490
  0.53281478086359690  0.54080594843847296  0.54867124379319721  0.55647238837679225
  0.56439366906357724  0.57242182153590360  0.58036017935654061  0.58812100329012684
  0.59586814428367674  0.60379501847853334  0.61172939081510114  0.61934614086074535
  0.62671578127162886  0.63400661453421125  0.64130038477222129  0.64868886347656540
  0.65617061023360945  0.66369098906999813  0.67116606898370756  0.67864886630072641
  0.68598210683989436  0.69326324795215732  0.70024158352486954  0.70713266975937417
  0.71373105094804556  0.72021341243879688  0.72660361297677167  0.73293964521491917
  0.73927266365501976  0.74560001002519971  0.75194142148399590  0.75822021092190373
  0.76444739301715092  0.77061818480560684  0.77670702556610172  0.78279721885239872
  0.78889403357993848  0.79500238818672075  0.80105360739900000  0.80715595424194875
  0.81322385610701375  0.81925605980557703  0.82537095094577551  0.83146317440023620
  0.83768752154530080  0.84404288086433121  0.85046852396003014  0.85642054372799803
  0.86156161809986864  0.86674515686765774  0.87188283578549375  0.87758606763833413
  0.88466211862055533  0.89198324555506170  0.90002516232583285  0.90857554836268972
  0.91832024516722977  0.93076342529420009  0.95023638968812763  1.00000000000000000
   6.2467847589427894       -1.0000000000000000     
 F F F F F F F F F F F F F F F F F F F F F F F F F F F F F F F F
  <DiscreteSampler_grid>
  grouped_processes
  1 # 1 for a reference and 2 for a running grid.
  10 # Attribute 'min_bin_probing_points' of the grid.
  1 # Attribute 'grid_mode' of the grid. 1=='default',2=='initialization'
  0.0000000000000000 # Attribute 'small_contrib_threshold' of the grid.
  0.5000000000000000 # Attribute 'damping_power' of the grid.
 # binID   n_entries weight   weight_sqr   abs_weight
    31   10   1.305121187088692E+008   3.743220056488942E+016   1.305121187088692E+008
    32   10   1.305121187088692E+008   3.743220056488941E+016   1.305121187088692E+008
    40   10   4.728656860854462E+008   2.391627772391818E+017   4.728656860854462E+008
    41   10   4.728656860854462E+008   2.391627772391818E+017   4.728656860854462E+008
  </DiscreteSampler_grid>
