  0.03153180479172803  0.04567144539669096  0.05154917281683313  0.05707382766733354
  0.06243077760436693  0.06777937938657125  0.07317098517665470  0.07861593573545458
  0.08409540147407137  0.08961452677588617  0.09516273978226707  0.10077710137154888
  0.10645527816052378  0.11226032632988493  0.11805784991470465  0.12394297721074156
  0.12993547831347194  0.13601290298559884  0.14214446648416795  0.14831578155013750
  0.15456751135871938  0.16082147674756753  0.16715002149172473  0.17361374013194036
  0.18014802819191422  0.18672989091347333  0.19340903427296358  0.20016917313245047
  0.20699058069648713  0.21396333960506694  0.22100706019343505  0.22809968198664846
  0.23531394104777667  0.24265362246197908  0.25012758560288589  0.25778839986389140
  0.26563076186669560  0.27354607846066087  0.28154686924297567  0.28958003949249733
  0.29763740211184420  0.30571949109101165  0.31389624641280572  0.32214593743112202
  0.33054855571632957  0.33917041941160481  0.34791768459771233  0.35681708549206270
  0.36581190369320682  0.37506295868568357  0.38466432438562004  0.39446442987484320
  0.40443395791047088  0.41452909409649902  0.42488325051293252  0.43542510838652321
  0.44609432542270150  0.45688753927933923  0.46785309241598655  0.47909648819225764
  0.49058314997676045  0.50236695199102832  0.51426772297803425  0.52643345761929183
  0.53871715704847656  0.55149338681174365  0.56435183649929532  0.57738718359597196
  0.59062030595244175  0.60407548007960332  0.61764557938395892  0.63141407080954381
  0.64552720619959736  0.65987341228460028  0.67435981130129119  0.68880035154496611
  0.70318998949689393  0.71793558499212851  0.73276586558358359  0.74758405378044213
  0.76233939439617604  0.77725643012420875  0.79210127964355637  0.80688443286087874
  0.82148322794999695  0.83608253439209490  0.85067651100966979  0.86525972333601286
  0.87975604493685966  0.89400344023822831  0.90788941953095270  0.92151450750469310
  0.93495235404409971  0.94840138081175263  0.96219735909186777  1.00000000000000000
 -0.00252997019917628  0.00965972079708970  0.01988992594103294  0.03029802195656963
  0.04075281681253629  0.05137177899646555  0.06204880517554333  0.07264846076658825
  0.08305605882263120  0.09353394022199164  0.10398444938602346  0.11456660492156276
  0.12521355371715434  0.13598278182243478  0.14659763009497118  0.15715009613709349
  0.16774056900805151  0.17844108670123554  0.18916819285804781  0.19979564214806902
  0.21035561289493426  0.22072294589055089  0.23113569029486833  0.24149243364590892
  0.25185157033920896  0.26211070809045428  0.27248271273081909  0.28293928847970978
  0.29343987053276360  0.30385173997184056  0.31433326944039325  0.32476822568072738
  0.33522843355644955  0.34580385766368205  0.35654182688674024  0.36733110889573345
  0.37799486946302424  0.38863417120709398  0.39942841800950790  0.41011003032011206
  0.42077311418374913  0.43117512246536482  0.44156156717169714  0.45196740729762869
  0.46246877918668183  0.47301668305720262  0.48355180093643213  0.49396159057215805
  0.50428937692723563  0.51453729100638723  0.52482251798384205  0.53511544892827567
  0.54549224007939578  0.55588563859516760  0.56623085363700021  0.57663317951996107
  0.58705127061064444  0.59774534693874315  0.60829279205166964  0.61893839301977360
  0.62952730902989018  0.64017834901807458  0.65073472858370107  0.66134261668141947
  0.67189159168450574  0.68247589497936612  0.69303358107052992  0.70357842728817899
  0.71413799803067746  0.72447583301454388  0.73503852614648157  0.74560931659816609
  0.75637949033697860  0.76707339612898351  0.77792577451540712  0.78872255038295336
  0.79938847714541506  0.80994976724057288  0.82031432884532618  0.83045128105600863
  0.84075054280601469  0.85123197368584735  0.86178101092116310  0.87227378276875345
  0.88281950937601994  0.89354118185306575  0.90407206319742517  0.91474262857460320
  0.92551512295985716  0.93634716875503021  0.94698865225156648  0.95765605859100511
  0.96834236155421516  0.97904052779881967  0.98956612075780925  1.00000000000000000
  0.00050592979163002  0.00874897375813625  0.01772373641663465  0.02702466210613245
  0.03660091281104889  0.04637262726272071  0.05630369930897076  0.06636885566218295
  0.07653540886060009  0.08683693356830885  0.09722908124302317  0.10755998459590729
  0.11775714033331634  0.12784010339404905  0.13786518800575223  0.14799193804167590
  0.15823689836297342  0.16860779897109893  0.17900157849008652  0.18947337380722831
  0.20002750496873115  0.21059286515751935  0.22109019445471248  0.23166369218622884
  0.24221341767288870  0.25269802710897743  0.26304085502943914  0.27339855266968138
  0.28382641101578393  0.29422599382726122  0.30452008643505679  0.31475165617874618
  0.32499739352881452  0.33529228057157889  0.34556376966018126  0.35595837338679537
  0.36655824431591411  0.37719256749958691  0.38768175553588141  0.39813756770135761
  0.40869819844879279  0.41931214849193299  0.42987704148435679  0.44050768109046690
  0.45114521322812434  0.46165696820569074  0.47211625844601646  0.48271653540028947
  0.49336614081102781  0.50409351650556289  0.51483339452744192  0.52551767173026742
  0.53610151579330290  0.54666063402048892  0.55728616217356264  0.56796948160324634
  0.57862962176086097  0.58922300943016093  0.59972216492688801  0.61019970176161020
  0.62076084395773234  0.63137574805072272  0.64190762114845223  0.65237954307986545
  0.66285092633066289  0.67339680907098298  0.68399607034912357  0.69467702687146371
  0.70535305274476312  0.71595471797918819  0.72654174472698108  0.73724572179776193
  0.74786970417479670  0.75839630822773663  0.76884231027607552  0.77931230167020282
  0.78974108533545917  0.80023345242656385  0.81079041982417055  0.82132873065147638
  0.83179235975037724  0.84247650995771006  0.85330960143554202  0.86415668488312558
  0.87506361528256515  0.88612017495099471  0.89724353129831891  0.90822866622005505
  0.91913039653372741  0.93005807396023110  0.94106443058969402  0.95211824646989329
  0.96336245017058908  0.97470989609820158  0.98700125205656652  1.00000000000000000
 -0.01588609609926139  0.10423959351364084  0.14542279319191714  0.17182366629436963
  0.19329393515799664  0.21213950680692142  0.22908747132477630  0.24470410723609434
  0.25919926986573161  0.27281262193945072  0.28571646586661720  0.29812406067482600
  0.30996284574548250  0.32141316118035557  0.33242095946674255  0.34305644826039372
  0.35340747051417598  0.36356245129688630  0.37351530519672366  0.38324318580476630
  0.39279395615268348  0.40222010399778135  0.41149043867196256  0.42060659230033348
  0.42956967954627895  0.43840013375552717  0.44707770532896879  0.45562831888108318
  0.46415412395619532  0.47265985942831429  0.48110673738053933  0.48943006949709295
  0.49766118020024669  0.50582522895603899  0.51396008535780346  0.52202387493360713
  0.53005003898813285  0.53800742344946895  0.54593133869875143  0.55381702004281763
  0.56161383805554010  0.56929882104058249  0.57690930820067532  0.58445705881625709
  0.59196740008294457  0.59940852118081867  0.60682356554294514  0.61416363742501201
  0.62146463670640850  0.62865711806369218  0.63581898684057447  0.64294620751852061
  0.65000557058263631  0.65701403055785645  0.66396135562396930  0.67080993279580570
  0.67756559219943879  0.68424693659033442  0.69082974443662259  0.69733524620742859
  0.70376255215828321  0.71021790240169902  0.71660270609226018  0.72295501036114829
  0.72927395865334166  0.73549501295394026  0.74167974727401920  0.74785048307336599
  0.75393351138573539  0.75996081670721438  0.76596290381687615  0.77190425984672018
  0.77779586788683341  0.78367140791331891  0.78955070400856076  0.79547521159415990
  0.80135041848131228  0.80721062524768417  0.81307758226773252  0.81898681401540874
  0.82495568272996922  0.83099742621424155  0.83718186443437836  0.84349674436932276
  0.84987773699128721  0.85649277351895992  0.86345216338899822  0.87063860610514843
  0.87825187598541299  0.88644259652876933  0.89527449201881648  0.90523817473560253
  0.91669563675884047  0.93116722940575936  0.95324536327524079  1.00000000000000000
   2.3998901512419409E-002  -1.0000000000000000     
 F F F F F F F F F F F F F F F F F F F F F F F F F F F F F F F F
  <DiscreteSampler_grid>
  grouped_processes
  1 # 1 for a reference and 2 for a running grid.
  10 # Attribute 'min_bin_probing_points' of the grid.
  1 # Attribute 'grid_mode' of the grid. 1=='default',2=='initialization'
  0.0000000000000000 # Attribute 'small_contrib_threshold' of the grid.
  0.5000000000000000 # Attribute 'damping_power' of the grid.
 # binID   n_entries weight   weight_sqr   abs_weight
    13   10   6.272679275456916E+008   5.060412407123884E+017   6.272679275456916E+008
    14   10   6.272679275456916E+008   5.060412407123884E+017   6.272679275456916E+008
    16   10   7.948006608416524E+008   8.768138814560033E+017   7.948006608416524E+008
    17   10   7.948006608416522E+008   8.768138814560032E+017   7.948006608416522E+008
  </DiscreteSampler_grid>
