  0.00000236737434118  0.00000237947272480  0.00000239473441265  0.00000241112954541
  0.00000242820694093  0.00000244615239501  0.00000246442918592  0.00000248517978139
  0.00000251113327460  0.00000253801001485  0.00000256530122200  0.00000259335389004
  0.00000262270359306  0.00000265308077265  0.00000268429031268  0.00000271587289891
  0.00000274921862036  0.00000278588021667  0.00000282644690475  0.00000286729536478
  0.00000290901498455  0.00000295140537378  0.00000299441665108  0.00000303825394937
  0.00000308346841390  0.00000312964464748  0.00000317572068037  0.00000323080588221
  0.00000329063017455  0.00000335110697515  0.00000341261489878  0.00000347562417645
  0.00000354112817965  0.00000360713078891  0.00000367523530565  0.00000374924044576
  0.00000383283802271  0.00000391958623575  0.00000400832127749  0.00000409874793897
  0.00000419028440245  0.00000428573485549  0.00000439069979767  0.00000450158997398
  0.00000461718449001  0.00000473623538052  0.00000485744914106  0.00000498628212221
  0.00000512685302599  0.00000527566455657  0.00000543091765112  0.00000559327627297
  0.00000575679566329  0.00000594325670064  0.00000614349147460  0.00000635000744058
  0.00000656271176689  0.00000679307720365  0.00000705296916550  0.00000733234227219
  0.00000761679563336  0.00000792063866736  0.00000825893691433  0.00000862802785672
  0.00000901782730326  0.00000945401686432  0.00000994948511805  0.00001044563317768
  0.00001101927628818  0.00001163769992931  0.00001230428670176  0.00001308277255762
  0.00001393092810793  0.00001488886152948  0.00001594329339214  0.00001710029223776
  0.00001840851989183  0.00001988859880411  0.00002161477779814  0.00002362972878788
  0.00002599644546002  0.00002886239648041  0.00003218558883802  0.00003625244393478
  0.00004124668420635  0.00004756246992949  0.00005594930840782  0.00006742758956741
  0.00008254781681722  0.00010700906258688  0.00014071354583070  0.00018795755666827
  0.00027659876761057  0.00051926349011258  0.00864513187100861  1.00000000000000000
 -0.00258924878290275  0.00978143972455844  0.01974566708784766  0.03034056402790411
  0.04062401544632566  0.05109515647230376  0.06151364871559902  0.07200769978077670
  0.08258219563625915  0.09307235969493872  0.10344038769287153  0.11396400346914087
  0.12446554609897385  0.13522019620334022  0.14581230016277025  0.15643042334401056
  0.16689165478028528  0.17754986582251528  0.18797391849130074  0.19831933883249062
  0.20857353717000568  0.21894990371155673  0.22942439189531405  0.23949595665955617
  0.24989269783219101  0.26031558996097842  0.27095812557858728  0.28120253678528145
  0.29139452782000225  0.30161660396561851  0.31186937942384524  0.32245729531601108
  0.33314148189657411  0.34383335874936266  0.35457475723753706  0.36525205982039405
  0.37602009238573164  0.38653632226618995  0.39690472460920295  0.40749457884968138
  0.41822465032753281  0.42899670709335563  0.43957403590110594  0.44989153534588194
  0.46039437039910402  0.47098654702517834  0.48146649346382958  0.49161336588432658
  0.50192290274590046  0.51248019198144545  0.52312921324979844  0.53366231757752669
  0.54412910516006030  0.55481469706494801  0.56552107157198428  0.57604433130231492
  0.58657569919150354  0.59663912108268147  0.60674840820529041  0.61695659807681080
  0.62730459150154605  0.63789943831262241  0.64862722430379094  0.65963981759024615
  0.67063933894177941  0.68149476414059873  0.69237898810804477  0.70317525317563756
  0.71396713936139100  0.72453764394365561  0.73496101386733970  0.74522640532399742
  0.75562832639861144  0.76629428753066531  0.77678323567665486  0.78706253278212857
  0.79728039149232244  0.80766647900667876  0.81809190924834252  0.82847591550280275
  0.83925800978830112  0.85020367574868627  0.86095539275501298  0.87150615534971632
  0.88192195013100660  0.89265787770395633  0.90363104126974370  0.91478449759545288
  0.92561518017211175  0.93655884082682139  0.94737276051073327  0.95825582180950608
  0.96876111821926458  0.97937414442881598  0.98967490324296947  1.00000000000000000
 -0.00169756158681341  0.01369760755278080  0.02802134635734255  0.04261918333321535
  0.05692864951970970  0.07117740778017093  0.08543789414012605  0.09939211975454024
  0.11325915939942129  0.12704179680950606  0.14054237955257326  0.15369451520903077
  0.16695279285510489  0.18064317797485158  0.19426229489511454  0.20762159002818054
  0.22098418611579859  0.23410710560937770  0.24704427042030255  0.25968004862531380
  0.27220035020776112  0.28461154697245461  0.29743536190566550  0.31039223231777419
  0.32311615495189017  0.33567030668798409  0.34808868685609273  0.36047505759861448
  0.37280269875322025  0.38490095544064595  0.39667938018394744  0.40840221396599519
  0.42009413782553223  0.43176381378627671  0.44345341439791480  0.45523779072580894
  0.46697109356236793  0.47858160229545899  0.48998912841211412  0.50108454613997233
  0.51197906234973067  0.52292008209144403  0.53390570270729143  0.54487429660644160
  0.55565991507717949  0.56625181612276010  0.57677898522829985  0.58719139001040699
  0.59761384620147306  0.60793326039267759  0.61839036204070352  0.62883497897124430
  0.63938391195223609  0.65006981546119758  0.66072363297148473  0.67114676931655426
  0.68125340278402924  0.69125831016776451  0.70128912394489096  0.71127483839849881
  0.72114122966258298  0.73072938215198679  0.74010800766406915  0.74936621751079702
  0.75861845982661746  0.76786839856743672  0.77714104333678624  0.78648951307588788
  0.79581963240087639  0.80501242637740145  0.81408293437129364  0.82305923909316758
  0.83188971094968323  0.84057300418191194  0.84914464863292027  0.85758439356134053
  0.86577648936421514  0.87380592537464763  0.88164697863311958  0.88957243201569014
  0.89747720743790393  0.90526134621835197  0.91286065115120918  0.92017873788237425
  0.92721272524024612  0.93406098901596202  0.94077142434241923  0.94737811899728486
  0.95399141889075822  0.96075874235729941  0.96751059977663056  0.97409327169491833
  0.98053434375459614  0.98693877685268760  0.99344474510873393  1.00000000000000000
 -0.01310536013280246  0.08950154241621670  0.12267293363313664  0.14465337450067059
  0.16266599773942891  0.17821041523163123  0.19233079241697298  0.20508016204475374
  0.21691664920307599  0.22805626162589565  0.23885799691413467  0.24915086178456214
  0.25891586646556214  0.26819806228767695  0.27697287954411198  0.28534739873057097
  0.29360843300683220  0.30165590702981654  0.30956223530934029  0.31722310949623667
  0.32458902117260136  0.33175661610143997  0.33868716017307476  0.34544753822357527
  0.35222565099482239  0.35905149905864459  0.36587109276125868  0.37262944818816429
  0.37930894063089143  0.38582626667286907  0.39236800254682813  0.39865399368047211
  0.40488207829323203  0.41092265383152926  0.41687794654903920  0.42272589854746018
  0.42854507704676503  0.43441486091210735  0.44036402964955701  0.44636935284028229
  0.45240041102925566  0.45841523855874838  0.46443028575610723  0.47052020312954479
  0.47670503920831225  0.48303025983961484  0.48933692535258616  0.49550473886905733
  0.50162938847619398  0.50782406804293301  0.51397408043892390  0.52006231640532263
  0.52613891645276578  0.53223827518401001  0.53837548539408220  0.54451443922404086
  0.55061872029271497  0.55671673019009094  0.56283324307766858  0.56892852040933883
  0.57510938317895588  0.58133745395905900  0.58775562633611433  0.59431528610042050
  0.60087690864635690  0.60747731655556092  0.61414902703009611  0.62087575700630682
  0.62767380151504337  0.63456426245951902  0.64142985360164018  0.64830688729652242
  0.65523566185756155  0.66227789002295412  0.66960217220244855  0.67724258910949076
  0.68502932301138009  0.69279257284336504  0.70050401833453069  0.70833125547365305
  0.71629424121127860  0.72441365564872506  0.73288206072174822  0.74176603489432025
  0.75130157921268326  0.76148634219757072  0.77203154054551348  0.78282968837624833
  0.79430394522274583  0.80676324778509712  0.82030710099754378  0.83553981037480618
  0.85376990202721237  0.87621305349935930  0.90975488495126089  1.00000000000000000
   3344.3035243301833       -1.0000000000000000     
 F F F F F F F F F F F F F F F F F F F F F F F F F F F F F F F F
  <DiscreteSampler_grid>
  grouped_processes
  1 # 1 for a reference and 2 for a running grid.
  10 # Attribute 'min_bin_probing_points' of the grid.
  1 # Attribute 'grid_mode' of the grid. 1=='default',2=='initialization'
  0.0000000000000000 # Attribute 'small_contrib_threshold' of the grid.
  0.5000000000000000 # Attribute 'damping_power' of the grid.
 # binID   n_entries weight   weight_sqr   abs_weight
    10   10   3.283121410646896E+011   3.483648394353146E+023   3.283121410646896E+011
    16   10   3.283121410646896E+011   3.483648394353146E+023   3.283121410646896E+011
  </DiscreteSampler_grid>
