  0.00000238555131749  0.00000242218389447  0.00000245053780579  0.00000246954326250
  0.00000249144819611  0.00000251386009069  0.00000253686792308  0.00000256057896177
  0.00000258508192179  0.00000261048823513  0.00000263759998488  0.00000266592098433
  0.00000269492235541  0.00000272395721841  0.00000275444462148  0.00000278974871979
  0.00000282547114503  0.00000286201624022  0.00000289859173866  0.00000293513888301
  0.00000297169476852  0.00000300844798372  0.00000304598466608  0.00000308542140617
  0.00000312567783053  0.00000316319199284  0.00000320961346084  0.00000326104888609
  0.00000331514326363  0.00000337177991608  0.00000343124948161  0.00000349192415337
  0.00000355448848258  0.00000361778526869  0.00000368360019611  0.00000375452935488
  0.00000383186996345  0.00000391315875668  0.00000399798214313  0.00000408496724998
  0.00000417398875219  0.00000426837963013  0.00000437253747596  0.00000448567019253
  0.00000460599996418  0.00000472816103126  0.00000485257048124  0.00000498488936255
  0.00000512655047601  0.00000527667152854  0.00000543294297104  0.00000559395247646
  0.00000576303071848  0.00000594823507206  0.00000615687506125  0.00000636975366197
  0.00000657791378702  0.00000680790349182  0.00000706040593891  0.00000733531518293
  0.00000762020697614  0.00000792323292016  0.00000826000325340  0.00000862360241569
  0.00000901843110232  0.00000946369956062  0.00000995162621643  0.00001046809385757
  0.00001104115407188  0.00001167684234640  0.00001236533428931  0.00001314253949658
  0.00001399487867248  0.00001496249198509  0.00001602783717403  0.00001715152580821
  0.00001844811967287  0.00001985720639024  0.00002147469671301  0.00002329595805023
  0.00002545638676266  0.00002808462238985  0.00003147369742838  0.00003555698311345
  0.00004019470114751  0.00004556568324974  0.00005259783415494  0.00006298154824224
  0.00007692741211798  0.00009415132616136  0.00012405564101918  0.00019283357100393
  0.00029236411420985  0.00050881658187725  0.00206583459565177  1.00000000000000000
 -0.00246785421509515  0.00980527878429190  0.02001456848870809  0.03064974767318549
  0.04131477419861743  0.05144588777064550  0.06182620181671810  0.07123048232397922
  0.08093042313762971  0.09037574207971590  0.10006052396245538  0.10972707946482477
  0.11974261927517237  0.13013395980384904  0.14138716235661736  0.15257150827480676
  0.16397487899586755  0.17556140306086335  0.18743503071179854  0.19848730566058320
  0.20937780245670717  0.21936425717665087  0.22949987219270945  0.24033009558558449
  0.25153423522784479  0.26228904856297885  0.27276974021587669  0.28314597669348729
  0.29380511504924245  0.30418947066968777  0.31426461198539823  0.32475429165605824
  0.33532544021029775  0.34636576712663147  0.35767180190501724  0.36934115947424834
  0.38073459975215113  0.39159681566428656  0.40258919422976347  0.41372113315953779
  0.42489376075425855  0.43605348926869425  0.44745557952840664  0.45880464035629559
  0.46992441937945789  0.48115553861296356  0.49273424778716701  0.50389524237768435
  0.51421640085288622  0.52459086394483001  0.53514639502636718  0.54528383061070418
  0.55511232869983618  0.56575617168324410  0.57686457495180399  0.58739888822195940
  0.59736252925997835  0.60776460022934853  0.61901219609204250  0.62967981407491713
  0.63952674366566031  0.64946784236181743  0.65948565863670328  0.66930267486038142
  0.67866907596004533  0.68763322066353649  0.69739018745529446  0.70743357787248240
  0.71759556241457478  0.72781025034944680  0.73808085128734391  0.74822218389140505
  0.75796040987622515  0.76760809978792699  0.77795524733162436  0.78879020712231784
  0.79890947425538383  0.80889289753018334  0.81906262515841399  0.82924651193658716
  0.83982069148684158  0.85022172885600023  0.86146416506758194  0.87259730300109273
  0.88419011932721303  0.89570831113801430  0.90734527850887647  0.91877927623904987
  0.93023953580456553  0.94091706681425724  0.95118138886873971  0.96116199790461576
  0.97122773559873110  0.98098894722800078  0.99050547008288592  1.00000000000000000
  0.00314686925601437  0.02624627294565185  0.04826655606381017  0.06855546812503532
  0.08763177105973227  0.10567916569658431  0.12386951356025906  0.14208837378061112
  0.16012322428019338  0.17743818524774843  0.19425701612014834  0.21102725346556056
  0.22743397065414833  0.24407583048694612  0.25997430958064344  0.27547157108117232
  0.29083710997138462  0.30579251275823793  0.32076197706489046  0.33526192526282056
  0.34943365202560872  0.36339963323709679  0.37726937904028052  0.39080408395674493
  0.40440521008384434  0.41822270112980298  0.43199029160462488  0.44568656773222748
  0.45909957740374679  0.47212156212322015  0.48494268810397584  0.49771802698583434
  0.51062670853374947  0.52308052103715919  0.53513904873852480  0.54706138318196895
  0.55878000542157835  0.57017422495536807  0.58108777933096079  0.59154969275222469
  0.60177950447011486  0.61220569594510288  0.62281743325167804  0.63350373839692031
  0.64390462429000261  0.65401364795574379  0.66393224506290183  0.67361460173098053
  0.68313976125578724  0.69268752486610030  0.70202888475166569  0.71145580403721775
  0.72087129668607974  0.73014071013915027  0.73936928520833733  0.74852299386969023
  0.75766837168841528  0.76683997874167131  0.77568529349601156  0.78414067177571323
  0.79250284633099954  0.80094689699496180  0.80945766412084108  0.81764913646751103
  0.82531486721720249  0.83267305853832041  0.83981689419402206  0.84690866266293119
  0.85411565720575167  0.86129360127990007  0.86832373421199649  0.87515345844583525
  0.88180965767832087  0.88822114659735796  0.89462468584265586  0.90110808177033264
  0.90764299405540483  0.91423541071994374  0.92050531176521355  0.92647361629635117
  0.93223201475988660  0.93779700731286164  0.94315324649626964  0.94835658332972839
  0.95360094049202648  0.95852551796182395  0.96323042774000622  0.96781036128516262
  0.97227907203041541  0.97662436935755415  0.98083409120126219  0.98490592590294601
  0.98890513568591532  0.99270439392097010  0.99637326143180105  1.00000000000000000
  0.00458447754498559  0.05434715858177925  0.08035147085661774  0.09616785032925829
  0.10774933453185777  0.11755813675898386  0.12638882780641686  0.13450192340713915
  0.14210682920086420  0.14926303279577882  0.15614201192222590  0.16294663654934349
  0.16946843258481917  0.17557717792645797  0.18146977328129338  0.18715243966464934
  0.19285361192065381  0.19877466077985528  0.20481971217216752  0.21081597793290693
  0.21671598143944823  0.22262021247372030  0.22862295658665452  0.23475603240432080
  0.24105892738287163  0.24737866371259787  0.25325211466376085  0.25895501605029120
  0.26463318122152812  0.27043000231782222  0.27642910436937967  0.28254916314319661
  0.28864766692005595  0.29471390464269032  0.30062299712310575  0.30666559761553303
  0.31265367465672966  0.31884025981342679  0.32512063755470927  0.33123421231444122
  0.33745400749650867  0.34343519138567535  0.34980425299478296  0.35582750596208307
  0.36178649634492271  0.36772834449804159  0.37376648662865902  0.38014160614733772
  0.38658565073153162  0.39298271112369726  0.39951534242543535  0.40614386376049100
  0.41288676086766135  0.41980308965135466  0.42687516616401588  0.43406955452269586
  0.44109400024802387  0.44807908218117293  0.45509609294433495  0.46220740655199799
  0.46943516326799650  0.47651661480323215  0.48384797799535251  0.49124114866599683
  0.49878658221060979  0.50670244339128967  0.51497882267442141  0.52347117895390238
  0.53194968988835212  0.54038232802557307  0.54881201974302685  0.55742776261950355
  0.56605066799053216  0.57461971021569413  0.58315630817097763  0.59202903496818260
  0.60113486860440080  0.61059062480751947  0.62026093218090705  0.63040659442748503
  0.64107734944676575  0.65212364624475005  0.66342292213617848  0.67489881125191886
  0.68699149614924637  0.69984014915280612  0.71294363294021978  0.72629031346864670
  0.74140495906445714  0.75722951473374500  0.77464954922748719  0.79494244497134436
  0.81807267653586735  0.84466843301825223  0.88352595084984564  1.00000000000000000
   4968.7903334004041       -1.0000000000000000     
 F F F F F F F F F F F F F F F F F F F F F F F F F F F F F F F F
  <DiscreteSampler_grid>
  grouped_processes
  1 # 1 for a reference and 2 for a running grid.
  10 # Attribute 'min_bin_probing_points' of the grid.
  1 # Attribute 'grid_mode' of the grid. 1=='default',2=='initialization'
  0.0000000000000000 # Attribute 'small_contrib_threshold' of the grid.
  0.5000000000000000 # Attribute 'damping_power' of the grid.
 # binID   n_entries weight   weight_sqr   abs_weight
    13   10   6.017547098207294E+010   9.337967890857857E+021   6.017547098207294E+010
    14   10   6.017547098207295E+010   9.337967890857857E+021   6.017547098207295E+010
    16   10   6.017547098207294E+010   9.337967890857854E+021   6.017547098207294E+010
    17   10   6.017547098207294E+010   9.337967890857854E+021   6.017547098207294E+010
  </DiscreteSampler_grid>
