  0.04211528612643754  0.04731053971655079  0.05252090563644638  0.05778323190419713
  0.06305790756395722  0.06837001826926448  0.07375917610223548  0.07921580941213198
  0.08475909032216576  0.09039593549170533  0.09600670184147127  0.10162260071272533
  0.10737242410405716  0.11325124386053326  0.11919783906676834  0.12513804521023603
  0.13114131361309686  0.13718097638465268  0.14329386385024012  0.14947608114791466
  0.15566721981060988  0.16185574882584855  0.16808966277764104  0.17440513925850709
  0.18082336324304038  0.18732810111607742  0.19403852911431863  0.20085541586784905
  0.20772605457890855  0.21479354303122958  0.22193334229271447  0.22915907422134635
  0.23647466410432663  0.24383346568732009  0.25126738464204124  0.25881313616735308
  0.26643472742049823  0.27416122641823898  0.28205029269759313  0.29005376831189106
  0.29816013614176662  0.30639363612157350  0.31476202934056136  0.32339668527562854
  0.33208991891817796  0.34087111233797435  0.34976564893539169  0.35876694843798085
  0.36794989176947279  0.37724278285178808  0.38675747083967366  0.39631282771453469
  0.40626942090210827  0.41630598300509636  0.42673920498741880  0.43730958584134860
  0.44824546038067681  0.45928674327243618  0.47045314600498583  0.48178716637216579
  0.49331192581871935  0.50497504113634140  0.51680376613716172  0.52887293969550953
  0.54118504697368508  0.55369287521804300  0.56639747551618647  0.57929473351414573
  0.59238161383145316  0.60571792729994223  0.61947623773906757  0.63348749793844128
  0.64757408643180447  0.66167202172269579  0.67597132832162288  0.69044464554897933
  0.70501591012822840  0.71954125763862509  0.73420067935249689  0.74914996799234312
  0.76403199871491911  0.77882351912858561  0.79358647756992728  0.80816452231073410
  0.82274085187204216  0.83715428542791037  0.85156792869595388  0.86587472399501320
  0.87998970505438978  0.89386173653649836  0.90747644153123597  0.92093754715749188
  0.93434673864199691  0.94763324130255644  0.95864632643724224  1.00000000000000000
 -0.00222741254675261  0.00955181720405470  0.01944860701321207  0.03003112775572300
  0.04056799062189120  0.05107934167679724  0.06151180865877924  0.07204551070417689
  0.08255514502306044  0.09294434284872352  0.10333018669292583  0.11383282593031054
  0.12436598625276495  0.13484788391180619  0.14540566451878359  0.15598734390555952
  0.16667734087735042  0.17712173970636885  0.18757395464174928  0.19797718542034634
  0.20847821829251592  0.21907895536220565  0.22967821727538479  0.24028772544639515
  0.25092368847048085  0.26156637440236874  0.27219366064153200  0.28277034260907546
  0.29340859724351287  0.30398907014934601  0.31457696148748276  0.32509557833123781
  0.33559686557275387  0.34589625229483006  0.35615599594265873  0.36658174688180345
  0.37706876711338772  0.38750620874418457  0.39793574437968821  0.40850587472505501
  0.41916055616533127  0.42975058976880803  0.44037830174860854  0.45100146866062724
  0.46171322190033498  0.47221873324994207  0.48267976192374878  0.49301611568005343
  0.50333626873238257  0.51386537291600842  0.52439142979288567  0.53494629973349506
  0.54539211519306074  0.55592991398952207  0.56649001802200516  0.57701303686287342
  0.58751362277848440  0.59796899956206973  0.60833935273531026  0.61868201986058502
  0.62908012739774488  0.63967029862992320  0.65034377243010721  0.66107071348751278
  0.67164472357684091  0.68184585806809639  0.69220362096618981  0.70271394638194284
  0.71326694124300383  0.72356417279321439  0.73397534538574893  0.74464805223604713
  0.75510337438267860  0.76542886302306468  0.77598480556802707  0.78687515502712113
  0.79762226827902560  0.80849622532483956  0.81925209186475723  0.83003853984086595
  0.84066512969253770  0.85134843117165615  0.86182606422413244  0.87236925100349971
  0.88294069159483712  0.89358697621023009  0.90410041062081348  0.91471946709903762
  0.92554696681789950  0.93624678566595987  0.94691325999034348  0.95753594244819829
  0.96824796298017546  0.97900044624861438  0.98944836048117291  1.00000000000000000
  0.00037926711817129  0.00846281840307753  0.01711443784613537  0.02654141643649215
  0.03619709487454139  0.04613183830353160  0.05621947231787506  0.06640837298138165
  0.07672369732769577  0.08708599761165893  0.09752024428733186  0.10803613834799503
  0.11859077939509521  0.12886626556712955  0.13891541690323628  0.14886249433768217
  0.15883832679122961  0.16893803291434734  0.17911080424054043  0.18931655162477345
  0.19961058275994581  0.21001283027123596  0.22048115694173784  0.23099130421243186
  0.24138959596057222  0.25185760730659329  0.26218429686358347  0.27251266067396579
  0.28288834406279589  0.29327405352047642  0.30375497732156470  0.31421462677178935
  0.32459086210220706  0.33505374273732758  0.34555959905638928  0.35613445016843370
  0.36660672891306140  0.37704317271909599  0.38755049607086745  0.39801628371212788
  0.40849599421201832  0.41902693563982324  0.42953061770213202  0.43992376900108471
  0.45026699662146108  0.46072792122096479  0.47126650272788162  0.48179249112742795
  0.49220536885897953  0.50271562826105776  0.51315735079550162  0.52347343738819063
  0.53381429001072023  0.54421533180583381  0.55487706081399246  0.56535112384008179
  0.57587117195982207  0.58643810172612898  0.59697701109706736  0.60727620314921349
  0.61752869553767042  0.62806900963529655  0.63882818645009531  0.64952361399074832
  0.66001519670161923  0.67046368565784364  0.68096845002118922  0.69148853205164829
  0.70205110390300751  0.71258400417109979  0.72322510842185972  0.73386816909392616
  0.74448243807984682  0.75504362366629219  0.76560968419832565  0.77639387367555179
  0.78727832985328672  0.79808970530892076  0.80888889679166076  0.81966145756817055
  0.83032086707494746  0.84099670401019888  0.85155737349171423  0.86232828843184117
  0.87306777594829255  0.88384202680753665  0.89469874203563404  0.90555288531903178
  0.91651041318843052  0.92775145936634928  0.93919246214098873  0.95060465869270361
  0.96208485116623033  0.97394100856221510  0.98658820341684472  1.00000000000000000
 -0.01716180988547502  0.10544065817653139  0.14617132945675212  0.17300408063570211
  0.19474343490670337  0.21358479159490415  0.23026333435765972  0.24558725819387350
  0.25977840616996850  0.27329075220517957  0.28623472353274093  0.29864884910785638
  0.31030793466802165  0.32145953656788745  0.33228717201950081  0.34288262102761524
  0.35318912394526791  0.36317017986316630  0.37292743573338116  0.38257065438282245
  0.39207900018362574  0.40142771370030322  0.41064970262111189  0.41979754503060374
  0.42884841691952169  0.43776506038884028  0.44657066260731748  0.45532627582174401
  0.46395680420802171  0.47239189460061592  0.48074374535506270  0.48906223823383754
  0.49733706046867526  0.50552420991133706  0.51359203545374410  0.52164818371027566
  0.52967851142364020  0.53765279510799857  0.54553625838663555  0.55332390630157091
  0.56102136056643570  0.56868066973506726  0.57628648249027725  0.58386679523567175
  0.59136706394425287  0.59877152670481593  0.60613609534075108  0.61335941866483046
  0.62059254067997904  0.62768855221861886  0.63477579411938345  0.64181908814183786
  0.64881087740390264  0.65574197600011019  0.66261643610408050  0.66940400109449716
  0.67610801329791104  0.68275774973660697  0.68934042067944512  0.69585193444854210
  0.70231689962403732  0.70871265051790400  0.71507923058381151  0.72140913069059953
  0.72770578860533774  0.73386919020608732  0.73994935230036418  0.74596800067569957
  0.75201178637938049  0.75804790852777126  0.76407575176740283  0.77009167629156805
  0.77608247541583497  0.78205602637154936  0.78802398340017665  0.79401287519173969
  0.80009837050086252  0.80611558851418086  0.81218708340460810  0.81826701416267178
  0.82439296047573030  0.83057891083442492  0.83683039750485866  0.84317402501140215
  0.84959267256744475  0.85627615803659918  0.86334353359003413  0.87066748458584353
  0.87841529927330486  0.88672557070336988  0.89562516465637876  0.90557436919611456
  0.91699733063465150  0.93150236060315428  0.95337491079649495  1.00000000000000000
   2.3789593504165533E-002  -1.0000000000000000     
 F F F F F F F F F F F F F F F F F F F F F F F F F F F F F F F F
  <DiscreteSampler_grid>
  grouped_processes
  1 # 1 for a reference and 2 for a running grid.
  10 # Attribute 'min_bin_probing_points' of the grid.
  1 # Attribute 'grid_mode' of the grid. 1=='default',2=='initialization'
  0.0000000000000000 # Attribute 'small_contrib_threshold' of the grid.
  0.5000000000000000 # Attribute 'damping_power' of the grid.
 # binID   n_entries weight   weight_sqr   abs_weight
    13   10   7.003598917246406E+008   7.407689483876087E+017   7.003598917246406E+008
    14   10   7.003598917246406E+008   7.407689483876084E+017   7.003598917246406E+008
    16   10   9.426610460963920E+008   1.403318382836604E+018   9.426610460963920E+008
    17   10   9.426610460963923E+008   1.403318382836604E+018   9.426610460963923E+008
  </DiscreteSampler_grid>
