  0.04097583706900781  0.04682535969660425  0.05229695153688548  0.05763984199900215
  0.06301782669547658  0.06850731757713095  0.07408547562132217  0.07970229525323973
  0.08532384645557656  0.09093091196739383  0.09659348102355415  0.10232196773693579
  0.10813455830225879  0.11397992216306546  0.11983259215546564  0.12572966852074030
  0.13169761891375981  0.13771031341305653  0.14378178424707902  0.14994117885892203
  0.15616798943157248  0.16243471321307082  0.16878601323216647  0.17528228745988350
  0.18189022161002724  0.18860982031091611  0.19541584572030732  0.20224653267976342
  0.20917540729032494  0.21619223982693270  0.22328442750088101  0.23044463047009725
  0.23772799227867478  0.24507732011238229  0.25252404006919632  0.26007688226117565
  0.26771006088188815  0.27545175384318588  0.28326545361059402  0.29118286046787717
  0.29925614705832554  0.30741139133829420  0.31565914544044654  0.32403008245257131
  0.33255610586891032  0.34136439849436612  0.35040650397235951  0.35962356648784627
  0.36896806331622761  0.37845611903012316  0.38810086865727261  0.39792205705050387
  0.40791933550587628  0.41809044536000273  0.42841966546819038  0.43890149172852722
  0.44959973767714367  0.46058154269210222  0.47178514758930779  0.48310164407668788
  0.49457075851181914  0.50632958226962643  0.51832349847824133  0.53037768547761188
  0.54264879448819336  0.55524613966663272  0.56814645663992480  0.58110199649648109
  0.59416457517577181  0.60736724697892408  0.62085161125550747  0.63446280961363710
  0.64813587377672499  0.66193691572936586  0.67599398257586196  0.69023700005546251
  0.70470887356310663  0.71938316802734159  0.73408423753870755  0.74875950319882389
  0.76342897968246892  0.77815910945282984  0.79277995642302235  0.80734926033021503
  0.82181755280001456  0.83623456950227271  0.85059721340474637  0.86493411812299681
  0.87916854678797240  0.89318705233604345  0.90706262048335018  0.92073482828363140
  0.93434558428967085  0.94773291193314058  0.96365814495717617  1.00000000000000000
 -0.00251681673069288  0.00947576109600082  0.01963888063736215  0.03020990120292453
  0.04081741766668794  0.05142598287963463  0.06218990273885096  0.07277217674860317
  0.08326857203289253  0.09363594218828958  0.10405575088312199  0.11476659122478627
  0.12544726209854679  0.13624338058044935  0.14694530071615819  0.15775273185322211
  0.16844267804651719  0.17909326470206616  0.18968556100777756  0.20034789815712620
  0.21093139261730035  0.22145888556871704  0.23201662095492526  0.24260351697482552
  0.25320159376962931  0.26390001562506316  0.27443526145069896  0.28486646642739527
  0.29525133036055506  0.30584755712154033  0.31638706695492236  0.32685644530903885
  0.33729213531061969  0.34770149101877285  0.35817185026326415  0.36855100319668965
  0.37901419490637994  0.38962476113321248  0.40023959996485103  0.41089073180562030
  0.42132799499693085  0.43182361184442919  0.44235719548803021  0.45284788080720678
  0.46324640673952799  0.47358956076178194  0.48391691136338288  0.49433298901101075
  0.50472796383256402  0.51500026480866234  0.52527569550007913  0.53549869591891353
  0.54581364423049683  0.55597548836126953  0.56613463749931536  0.57621291293791943
  0.58644620681490289  0.59687118429314290  0.60730585070684340  0.61780551880577650
  0.62825123817846384  0.63885274111314572  0.64942020705100822  0.66001483339369083
  0.67059507448957312  0.68120466982233663  0.69174492829017009  0.70231975068814845
  0.71299531139785910  0.72375243694567393  0.73443838327124766  0.74502675285402020
  0.75551588330549813  0.76616641698922872  0.77691142077459263  0.78789780896459816
  0.79883858887357961  0.80970799615432643  0.82033362695418777  0.83079761482520387
  0.84127438318958925  0.85191293634367260  0.86267070663840995  0.87345292358772397
  0.88410804479304317  0.89471196519308627  0.90519424221313605  0.91584682155688313
  0.92650863522568416  0.93725570387149004  0.94776699811153864  0.95824890592493073
  0.96875433045292569  0.97925697456558802  0.98965435640653909  1.00000000000000000
  0.00056321448330381  0.00872128903269611  0.01753444356346464  0.02683225059598767
  0.03643556402097775  0.04625436543109458  0.05625212691911758  0.06637393702249737
  0.07655586457117806  0.08693291985089403  0.09744347872560105  0.10805000210050821
  0.11862457981943243  0.12908225214301100  0.13961692032068221  0.14997477917070709
  0.16033209518309793  0.17059853717120727  0.18088895021408796  0.19119433946601935
  0.20159719344133809  0.21206031410247592  0.22254169324674147  0.23297023921604373
  0.24342432091819163  0.25381028333211247  0.26417248777264152  0.27454300782815005
  0.28481129441219344  0.29514221535680146  0.30537502698678121  0.31570738906750673
  0.32599180743856410  0.33640192367601846  0.34693684310354889  0.35749945108111575
  0.36813495313739725  0.37865779937663074  0.38917203469231049  0.39968934829637059
  0.41029625569041861  0.42094389518377107  0.43157159209273660  0.44214633788473728
  0.45266603841867603  0.46329236231224286  0.47394327995655694  0.48465296677794811
  0.49535697766531639  0.50608040448046976  0.51677687309902343  0.52739741471284707
  0.53795135442616304  0.54847714221250032  0.55892758936237064  0.56939325888724235
  0.57979921336505291  0.59024923876409374  0.60076199838497168  0.61144457202435409
  0.62227147424361651  0.63315246388876023  0.64404357050404470  0.65481581663526967
  0.66538343585291648  0.67583582195285508  0.68636379284798732  0.69705633308752013
  0.70779087031033983  0.71842023990355575  0.72897202233789882  0.73950466636144430
  0.75001240324822127  0.76056955279715455  0.77111764205567657  0.78170175561246980
  0.79227867228838522  0.80284400576253112  0.81340800106360522  0.82395245865192879
  0.83450137888429976  0.84505923154826279  0.85556145925056870  0.86595907722595966
  0.87640007123028130  0.88691275330055386  0.89760837164733753  0.90841481748628072
  0.91923447411662951  0.92989886609133587  0.94056898756252749  0.95133631693958964
  0.96257849649015526  0.97408223858465981  0.98670796247614634  1.00000000000000000
 -0.01709160217851974  0.10445899029876360  0.14533628917471431  0.17189864057588494
  0.19353944729552935  0.21238686026951001  0.22918164790576362  0.24456343104758899
  0.25879520241470994  0.27238377430987937  0.28517812808787829  0.29747889780455916
  0.30915368778460484  0.32041150450031491  0.33127627836201967  0.34184398404728389
  0.35217070894559549  0.36230836852773773  0.37220997617246099  0.38188004430141359
  0.39137445277531724  0.40071493819324649  0.40989953288977693  0.41896461763108284
  0.42790553894066369  0.43670646891683623  0.44530940739889852  0.45377815566226903
  0.46225188083712127  0.47066441138962728  0.47902140893005674  0.48736353377202729
  0.49562253694133029  0.50381966841456338  0.51199379919643351  0.52013340969442645
  0.52827283597869557  0.53634285961290984  0.54430413954851464  0.55209521907790815
  0.55982163098709403  0.56750310819409122  0.57514565790228578  0.58270136525879512
  0.59012072654348369  0.59742680062207276  0.60471557956076227  0.61190417654146068
  0.61905982285207117  0.62615636972953992  0.63324958331105896  0.64032474544964146
  0.64738663197068247  0.65437398105564959  0.66128632096049988  0.66814849447384539
  0.67493081437063795  0.68164054846384192  0.68827432493835683  0.69478604373592479
  0.70128787198737164  0.70778106729441703  0.71420311175475792  0.72056778699314739
  0.72690820347920460  0.73315877533107854  0.73940032453866900  0.74561332102902778
  0.75181007818998546  0.75795332615484279  0.76407960994547430  0.77017121039557546
  0.77619906092927549  0.78217155257677862  0.78811449474123918  0.79406941625147254
  0.80005455328596720  0.80607263633810711  0.81213007803353665  0.81825702840024128
  0.82444376319587165  0.83068591818624604  0.83700000781849360  0.84339819617993428
  0.84985710168302941  0.85649121128725769  0.86339461840269616  0.87049382723037483
  0.87802716070748299  0.88610276459999271  0.89477326075984809  0.90457081833447872
  0.91589927073014632  0.93042730174194077  0.95255018213779874  1.00000000000000000
   2.3762828480574934E-002  -1.0000000000000000     
 F F F F F F F F F F F F F F F F F F F F F F F F F F F F F F F F
  <DiscreteSampler_grid>
  grouped_processes
  1 # 1 for a reference and 2 for a running grid.
  10 # Attribute 'min_bin_probing_points' of the grid.
  1 # Attribute 'grid_mode' of the grid. 1=='default',2=='initialization'
  0.0000000000000000 # Attribute 'small_contrib_threshold' of the grid.
  0.5000000000000000 # Attribute 'damping_power' of the grid.
 # binID   n_entries weight   weight_sqr   abs_weight
    13   10   3.381087398828326E+008   2.649699335138992E+017   3.381087398828326E+008
    14   10   3.381087398828326E+008   2.649699335138993E+017   3.381087398828326E+008
    16   10   4.525863120603156E+008   4.930247868096109E+017   4.525863120603156E+008
    17   10   4.525863120603155E+008   4.930247868096109E+017   4.525863120603155E+008
  </DiscreteSampler_grid>
