  0.00114658064126046  0.04495679177567572  0.05046182631852839  0.05598750411914957
  0.06152898455511756  0.06701888596009434  0.07245861265991774  0.07792955633782504
  0.08347092154836686  0.08907753488646819  0.09472882524860063  0.10041617697212529
  0.10620259212466988  0.11208614919216631  0.11800431090728911  0.12393672591125163
  0.12991082450380234  0.13595512681179370  0.14209303625175784  0.14837452920810204
  0.15474804678680881  0.16115075025260017  0.16763283718859251  0.17421430547235922
  0.18084692649918663  0.18752453987997456  0.19432057828412530  0.20121437641689166
  0.20818034359280166  0.21523161397480653  0.22236484463809081  0.22960921456988451
  0.23704514845613012  0.24458080083484252  0.25218884148119730  0.25994269884308269
  0.26772785671325050  0.27564783813231225  0.28369855481075151  0.29185449498316191
  0.30017989857219113  0.30861966588048356  0.31713421589157276  0.32572094905085036
  0.33445819037605790  0.34339006288263629  0.35254641355599114  0.36190925350526193
  0.37146025269657551  0.38115464223419254  0.39096815100908727  0.40091240444017334
  0.41096404023455169  0.42112170171549884  0.43144582230711626  0.44207921152550245
  0.45300743307478247  0.46412869326234824  0.47541973587547809  0.48694458093907644
  0.49869914854965763  0.51068846709985405  0.52299597755510252  0.53563508126618775
  0.54849264327709124  0.56145702356836957  0.57458129107374201  0.58798864568575093
  0.60169068558723371  0.61557023396367050  0.62950909623751938  0.64356245834345660
  0.65799112014412775  0.67257302771487248  0.68725228332899368  0.70195735597510023
  0.71684040607401711  0.73178623855562053  0.74685335062888336  0.76199865424808655
  0.77715312478013543  0.79221967479331346  0.80718487977898890  0.82192694440989922
  0.83656240379827118  0.85114353266205778  0.86553566760572742  0.87990109927430404
  0.89424186502309322  0.90832963733153005  0.92204565249739323  0.93542746642980956
  0.94891542945405427  0.96080715478164036  0.97049551042850746  1.00000000000000000
 -0.00251950218127154  0.00943768083563093  0.01957490652284487  0.03001497273033825
  0.04041343595205420  0.05105966193573354  0.06172179255827237  0.07238442401926644
  0.08288258814489000  0.09341045366972711  0.10395451598157181  0.11457377022050733
  0.12506226258852871  0.13560191913906561  0.14622146173559158  0.15701486989163285
  0.16768685843773065  0.17825821394686042  0.18874603550620095  0.19901939708153599
  0.20928610824934146  0.21957315493164614  0.22993169214123341  0.24043262331340279
  0.25116394339007092  0.26213676173690564  0.27296468702846804  0.28352889016766247
  0.29420332971290325  0.30473471733323493  0.31519123993616438  0.32563694956760053
  0.33625450150323449  0.34705795477162199  0.35795557904833297  0.36877589181430381
  0.37947705334799475  0.38998432308152275  0.40033561492348085  0.41057421214918838
  0.42092471531102310  0.43141164698288392  0.44211503382313488  0.45279818212495448
  0.46338425030306990  0.47403850719341939  0.48460097955417530  0.49511902588858414
  0.50558775409271905  0.51598315292420871  0.52641527302796631  0.53683193369220861
  0.54735615883078848  0.55778608887578540  0.56831872014093332  0.57893303807401053
  0.58964715140285129  0.60032834556884707  0.61095094149609952  0.62165879737226115
  0.63208168534615472  0.64244598958814703  0.65270169357144958  0.66290193430424382
  0.67321824864253921  0.68359882814815787  0.69417358245323690  0.70487631116467231
  0.71555784550694401  0.72629504132374167  0.73690233386571202  0.74745651480940389
  0.75797899613461495  0.76850500857336079  0.77908561237415874  0.78964880952086647
  0.80018166676197866  0.81077929397459736  0.82140657421199925  0.83206453962317117
  0.84260305945652569  0.85323811512446202  0.86399468960689996  0.87477917803014649
  0.88528559984793131  0.89568852110833885  0.90615445945985595  0.91654960172623301
  0.92709635692384884  0.93753656639168192  0.94803251775752673  0.95838869241234548
  0.96870782772379249  0.97918939474791677  0.98953897488586673  1.00000000000000000
  0.00071869162221589  0.00936401317536905  0.01850517514222462  0.02812726602850003
  0.03781606241336815  0.04775498418443076  0.05780278372051539  0.06782970630335669
  0.07799504982301447  0.08822229204539996  0.09848059690475888  0.10853488343083892
  0.11847767229395061  0.12858722263400765  0.13888629083849072  0.14920531479046517
  0.15944620416487371  0.16966834825906707  0.17990755677402137  0.19011528139261000
  0.20044609676999267  0.21080627950812739  0.22129747522720628  0.23186957323589233
  0.24242977300879789  0.25295192220846008  0.26333632061559048  0.27379036518621880
  0.28430317751036560  0.29493992235917604  0.30568536934933815  0.31639431450300454
  0.32706231750721915  0.33765890768133594  0.34830886507602860  0.35890068696877975
  0.36940293670192326  0.37983270450728868  0.39029598369427060  0.40061363758148966
  0.41082477388087862  0.42097888249387494  0.43118073137965313  0.44147113098795077
  0.45176381012497413  0.46220578809785767  0.47270708347349338  0.48323000821890921
  0.49375122425486040  0.50422634922498666  0.51468402894347742  0.52513889638531908
  0.53558061945092006  0.54599918093818056  0.55631935076473116  0.56670934619013924
  0.57715948200954115  0.58778624611752983  0.59850374113892835  0.60926968949974003
  0.61994473594316102  0.63056467047350961  0.64131946045747545  0.65203760235968855
  0.66264586649565149  0.67316905399789739  0.68374542834230034  0.69443881540849861
  0.70508801732693871  0.71568230769752783  0.72612104387249132  0.73665378396973413
  0.74716105491624540  0.75776172832607769  0.76842289203768477  0.77922970455977969
  0.79006670454404559  0.80085482271977382  0.81164645496488330  0.82245442691825099
  0.83339266707488024  0.84438661483356370  0.85540260955142333  0.86621920369154348
  0.87694262179935867  0.88763656656248391  0.89833921429391639  0.90904155227581274
  0.91977541245238825  0.93045691562285004  0.94115391422855421  0.95190447883722495
  0.96300328501681720  0.97442271652274570  0.98686870228818746  1.00000000000000000
 -0.01108851856081182  0.10585573241100397  0.14654334015278669  0.17294276657019653
  0.19453201779628665  0.21348078945914425  0.23047827377523597  0.24609158666403050
  0.26028041017809772  0.27368529445173789  0.28636201106673165  0.29866340137080571
  0.31043710769803673  0.32172921070124083  0.33262333386542520  0.34322783350065794
  0.35361628662976274  0.36384328637379437  0.37387792125820496  0.38370790414402123
  0.39338354436753209  0.40295617646631909  0.41239121861606565  0.42157751467679705
  0.43049192362675437  0.43921597023413850  0.44780738273919779  0.45632215503493712
  0.46479045923202927  0.47321034138993079  0.48158030487963960  0.48991360634591896
  0.49822171363059214  0.50647323817377898  0.51467877029976850  0.52280619869863221
  0.53081731319737291  0.53881143984614999  0.54672564720332628  0.55448798506922015
  0.56216111862703033  0.56981863773776598  0.57746449564603031  0.58504112514416673
  0.59253802136875788  0.59995249537252593  0.60727048006496576  0.61453495052045670
  0.62171892062246426  0.62883518292383034  0.63586819186192922  0.64286017339308477
  0.64978827983648979  0.65668911797115070  0.66353736301488508  0.67027777566626512
  0.67691929132376638  0.68351226941781729  0.69007487276182200  0.69654870095250487
  0.70300021133874901  0.70940300072167162  0.71573787238678621  0.72202062774777753
  0.72828448147281510  0.73450952869907338  0.74074598394640800  0.74695077435674839
  0.75305997452673301  0.75913831396716636  0.76523144499475393  0.77133966407526533
  0.77744628863812648  0.78351664325160131  0.78953237845978652  0.79552348179036680
  0.80150136217525114  0.80745599452768124  0.81345521033476809  0.81948543055946510
  0.82555877931252575  0.83168140782267175  0.83788725971988565  0.84419306925350979
  0.85060369331030450  0.85721687792910328  0.86410897596804570  0.87123758382221050
  0.87883694828750736  0.88696886978216494  0.89566080214593458  0.90539582632015347
  0.91652550226948659  0.93077244838560502  0.95256742450313014  1.00000000000000000
   2.3781304011518019E-002  -1.0000000000000000     
 F F F F F F F F F F F F F F F F F F F F F F F F F F F F F F F F
  <DiscreteSampler_grid>
  grouped_processes
  1 # 1 for a reference and 2 for a running grid.
  10 # Attribute 'min_bin_probing_points' of the grid.
  1 # Attribute 'grid_mode' of the grid. 1=='default',2=='initialization'
  0.0000000000000000 # Attribute 'small_contrib_threshold' of the grid.
  0.5000000000000000 # Attribute 'damping_power' of the grid.
 # binID   n_entries weight   weight_sqr   abs_weight
    13   10   4.101337467834267E+008   3.613284869852758E+017   4.101337467834267E+008
    14   10   4.101337467834268E+008   3.613284869852758E+017   4.101337467834268E+008
    16   10   5.332740339532905E+008   6.847980134353436E+017   5.332740339532905E+008
    17   10   5.332740339532905E+008   6.847980134353436E+017   5.332740339532905E+008
  </DiscreteSampler_grid>
