  0.01080455518045960  0.01604726134373576  0.02407815657924808  0.03390601405591845
  0.04362515345307243  0.05347157169318936  0.06340421835373550  0.07345357708423438
  0.08362931574483955  0.09397952770784652  0.10442497506930944  0.11495099775530339
  0.12558253565274449  0.13637721325770202  0.14732580302528556  0.15845241327214457
  0.16973594256198810  0.18116123576918650  0.19267932287612097  0.20433817801660767
  0.21612313856216364  0.22802625088022638  0.24005583862803526  0.25222539150104956
  0.26450652781808598  0.27688164810447535  0.28933364304757603  0.30185822240068116
  0.31450813419682694  0.32726779246915477  0.34014560918119158  0.35309347566290367
  0.36605458694949805  0.37909784807404773  0.39219172495828852  0.40511300950164181
  0.41796554662543356  0.43084830934922930  0.44377603635705054  0.45665695955541957
  0.46947990276175405  0.48224327162264036  0.49490600360869957  0.50742512716362365
  0.51987283898075354  0.53229528287911143  0.54462724659659001  0.55681286176327549
  0.56891181090221132  0.58099001688378304  0.59299590250700496  0.60483779818470551
  0.61645698149477557  0.62793680956182640  0.63932322700888866  0.65059623918592124
  0.66173237275431362  0.67279288415785532  0.68374235715898191  0.69451005911116015
  0.70517367776011775  0.71561186633638085  0.72594985194549366  0.73602807560003070
  0.74602694963698057  0.75586300707127363  0.76558941330542740  0.77520172102100804
  0.78472666576122030  0.79413140816831229  0.80342998544329591  0.81263858150662738
  0.82176906553941698  0.83079248398679639  0.83969826247360180  0.84849543190201893
  0.85720674197866520  0.86580936976884071  0.87432127841410556  0.88269997775109588
  0.89097960109699281  0.89916082923253526  0.90724578747019424  0.91527272247968616
  0.92318260300105703  0.93099362849952583  0.93870877330359781  0.94634858859403048
  0.95394116671760620  0.96145224714720490  0.96888011934986795  0.97629711044098144
  0.98355217324708355  0.98821594441853955  0.99083208809335166  1.00000000000000000
 -0.00241603032702392  0.00965986649381327  0.01989511996424153  0.03048975426980883
  0.04100358741741586  0.05152426202411154  0.06199265436055900  0.07259519395410857
  0.08321792579164435  0.09397358622225642  0.10470713295200926  0.11546745026991233
  0.12618277249343926  0.13691407532903505  0.14761293239691697  0.15825368924208763
  0.16882331332567149  0.17929227717591714  0.18980226986011675  0.20036414180812809
  0.21095883758650144  0.22147623353975726  0.23201260332573878  0.24256749908017675
  0.25316705299844550  0.26376127394663901  0.27439651149118044  0.28502359885975859
  0.29561793755779636  0.30612279796940800  0.31658575977355424  0.32700041538001096
  0.33746254047725910  0.34802067120010299  0.35853887447602695  0.36900459586707440
  0.37953627692918557  0.39018246498063341  0.40078837435253500  0.41132303197691722
  0.42191418936681091  0.43255261108997012  0.44321004344844128  0.45385657907017152
  0.46453289508827372  0.47520386799309683  0.48570909020719727  0.49619836878061713
  0.50657260845273566  0.51694764009773442  0.52736071276474727  0.53770718854270083
  0.54804779722585295  0.55842834142515774  0.56892439114765936  0.57950283927473845
  0.59001059691158164  0.60056359762035716  0.61111681554524777  0.62163519272139067
  0.63213131797011379  0.64260662885398523  0.65313534825096276  0.66355367104388929
  0.67399672429852564  0.68437128582653417  0.69487735518980875  0.70541458913660227
  0.71595332070875228  0.72644496508425749  0.73690691313747736  0.74745027472775627
  0.75801846793093175  0.76863118891152205  0.77924634214957389  0.78985702839503213
  0.80047598456319080  0.81103372909253246  0.82161522327544645  0.83211060954638083
  0.84267787226558100  0.85327416458694194  0.86381412073176989  0.87443009981439157
  0.88497767361226121  0.89555404675520101  0.90602061911759590  0.91646030628850017
  0.92693298920756917  0.93736966081991935  0.94786840612762147  0.95834694084853433
  0.96879412784208463  0.97917522000756219  0.98957835556304441  1.00000000000000000
 -0.00140098576003202  0.00747744887652834  0.01596624995709952  0.02518387350364577
  0.03483358036689024  0.04475569954832941  0.05483751272463157  0.06501714302942049
  0.07531546010277702  0.08565971533167788  0.09599737433389362  0.10634658526639072
  0.11670099150888803  0.12704827970849114  0.13739761476709234  0.14777623195075829
  0.15817739355799798  0.16857216804204264  0.17890196448438847  0.18925401256018323
  0.19963313961978332  0.21009502754179399  0.22062341043577782  0.23117558311479841
  0.24175233810882393  0.25233638292414579  0.26288061868921048  0.27332401277720353
  0.28371949819029219  0.29410796827044755  0.30453138687750059  0.31499538842719399
  0.32549123143130892  0.33596589401731036  0.34638275926234519  0.35686335205033748
  0.36738005507872717  0.37794054630905743  0.38849960443011261  0.39907003593275431
  0.40967826451189931  0.42027872589584614  0.43085716301152766  0.44132970148356027
  0.45170670796145473  0.46207565834186265  0.47245102969491853  0.48289909309820561
  0.49343276965689309  0.50399311301513983  0.51457542170673420  0.52518169928408009
  0.53580771044864706  0.54635580945996076  0.55685483099212318  0.56738247081684778
  0.57793717666100775  0.58846415288635900  0.59898156616206411  0.60954886512745943
  0.62015642776981417  0.63077240704739812  0.64133864346168967  0.65190086169588823
  0.66244657609806767  0.67309141973801412  0.68374397048454305  0.69439334812506603
  0.70499176349383075  0.71558094437778430  0.72620904274231135  0.73679765396727726
  0.74736634485116016  0.75789964814481192  0.76849205214968730  0.77914952027940310
  0.78982537468265934  0.80046854128873268  0.81111383059609898  0.82179401136182617
  0.83256068800425276  0.84336416814328474  0.85413607204084130  0.86491051250780027
  0.87571692409583302  0.88663449859105947  0.89752318865292979  0.90841820019560360
  0.91928257709496841  0.93015243425189242  0.94113152154869839  0.95215029917602745
  0.96332213877040418  0.97467046799643775  0.98696699725183490  1.00000000000000000
  0.04781898441041528  0.26793628680656129  0.27712559700919903  0.28584912567065163
  0.29426378867385328  0.30234091370029242  0.31026364654894373  0.31788655990672338
  0.32526768453406535  0.33251435072799945  0.33947830103221494  0.34627617716727632
  0.35299926922313035  0.35946902956535720  0.36581873461743469  0.37213978944301940
  0.37828934808506470  0.38435394659266237  0.39032259349836235  0.39620926871898471
  0.40199865300283011  0.40772530188564776  0.41342443187388972  0.41904516138941750
  0.42454735107911890  0.43001878741243099  0.43548128673842856  0.44088047033459798
  0.44623711155142165  0.45155051655310596  0.45683463845953515  0.46207975461158168
  0.46728549330925095  0.47248187468318398  0.47765135338842030  0.48279943212402759
  0.48792779956058246  0.49302341450293696  0.49807988282403787  0.50309667353235332
  0.50809081822954683  0.51307501772789643  0.51803443642594671  0.52294880039657232
  0.52782385356045414  0.53270918978707293  0.53756894557407497  0.54237695775178152
  0.54712331404106018  0.55183912860628093  0.55656642480796215  0.56130174069653538
  0.56602068708224273  0.57071020434493669  0.57536864897000395  0.58001040134685466
  0.58461679360466456  0.58921213489116264  0.59378512737398514  0.59837529592476690
  0.60295544996536055  0.60753601372225918  0.61205897075200133  0.61656478460064601
  0.62105568787109355  0.62553607682470935  0.63002609636149232  0.63450501882598465
  0.63897426535584312  0.64342692591663508  0.64785358998865084  0.65226091200786374
  0.65664595905706780  0.66101357293602703  0.66537984816422879  0.66976005266720073
  0.67415431541259352  0.67854989884987860  0.68294274190787119  0.68733638569224609
  0.69173580745910701  0.69614337242968083  0.70053316439350399  0.70490471740537164
  0.70926206283650828  0.71361599923782204  0.71797906314912996  0.72234361428994964
  0.72668718809957866  0.73108542984985747  0.73550743376792926  0.73998246816603341
  0.74396379651147471  0.75079533474516924  0.76378678598089378  1.00000000000000000
   4.7568756960618538E-003  -1.0000000000000000     
 F F F F F F F F F F F F F F F F F F F F F F F F F F F F F F F F
  <DiscreteSampler_grid>
  grouped_processes
  1 # 1 for a reference and 2 for a running grid.
  10 # Attribute 'min_bin_probing_points' of the grid.
  1 # Attribute 'grid_mode' of the grid. 1=='default',2=='initialization'
  0.0000000000000000 # Attribute 'small_contrib_threshold' of the grid.
  0.5000000000000000 # Attribute 'damping_power' of the grid.
 # binID   n_entries weight   weight_sqr   abs_weight
    13   10   9.642599055822544E+007   1.701586580293021E+016   9.642599055822544E+007
    14   10   9.642599055822545E+007   1.701586580293020E+016   9.642599055822545E+007
    16   10   1.207960804413811E+008   2.639471688277321E+016   1.207960804413811E+008
    17   10   1.207960804413811E+008   2.639471688277321E+016   1.207960804413811E+008
  </DiscreteSampler_grid>
