 -0.00078070772432503  0.01080476815254151  0.01549264376288778  0.02073926062465529
  0.02694569107526884  0.03469420409357462  0.04331338362317355  0.05040164029835514
  0.05732733077319771  0.06479590491179163  0.07280110520076016  0.08135003775731149
  0.08966303931842851  0.09820076846120783  0.10690060006848912  0.11613136384824030
  0.12554904247121781  0.13549050726432058  0.14544235002277306  0.15561041708567322
  0.16616757380570479  0.17700227908681404  0.18813890199274810  0.19917907026527110
  0.21022463530011012  0.22137519440710457  0.23253256027195623  0.24372609767895440
  0.25534874539783081  0.26709306846484293  0.27875051238745929  0.29040161077774951
  0.30242340978267684  0.31461078413721105  0.32678212465800832  0.33898463826628050
  0.35117159788808688  0.36359223483354280  0.37587917078585359  0.38812724119815867
  0.40032964664024490  0.41253659202408399  0.42498489537409850  0.43765194079211234
  0.45020474130715316  0.46248532612071480  0.47466151451319250  0.48662572543953697
  0.49860379926258674  0.51066532152475286  0.52263638831010506  0.53451811694435669
  0.54627719790685592  0.55771178886817308  0.56902760682409692  0.58037464557414176
  0.59172507367342675  0.60293050056266639  0.61414078841415298  0.62543062487234169
  0.63678219574101191  0.64824825884978199  0.65962667241044926  0.67065557165271827
  0.68135711490064943  0.69190736090520832  0.70210693284627368  0.71283650639086960
  0.72339037052115762  0.73379978947214952  0.74414453276085624  0.75444831184132033
  0.76485514490549089  0.77521593520130305  0.78560221437500766  0.79587651307788509
  0.80608675902026583  0.81630309299358073  0.82663966322244531  0.83729305044143143
  0.84833963404808277  0.85951818298448901  0.87042913810470512  0.88091783939930612
  0.89092506253533899  0.90043121447151997  0.90995623076155419  0.91935103336839485
  0.92878291821268655  0.93815208710424725  0.94757288536016782  0.95733898258396388
  0.96761282021088757  0.97771405230905450  0.98313789353605752  1.00000000000000000
 -0.00194232284249672  0.01006725625809876  0.01995615886340870  0.03022421005922918
  0.04021254940652835  0.05071353684032134  0.06156694611271113  0.07267943700702226
  0.08388591740224878  0.09514716128227700  0.10648975741803790  0.11797398388632030
  0.12895205999842149  0.13950890556094384  0.14987862027724702  0.16006857561966215
  0.17008981809327048  0.17990227462218100  0.19004950207402532  0.20104189481470186
  0.21194235026639216  0.22269989436362306  0.23337888406787125  0.24398132460898680
  0.25471834936710724  0.26522695791131773  0.27564732184836477  0.28597339891058027
  0.29630700493262729  0.30676652386625575  0.31705317230476215  0.32727607344505216
  0.33748681874605868  0.34775425620603118  0.35814230360553184  0.36861182978995743
  0.37897026360788355  0.38914390001090415  0.39931975174571904  0.40966800435558537
  0.41965197443486274  0.42938950755532318  0.43938721758550003  0.44995160236492920
  0.46058445415913557  0.47099796364018925  0.48094228558694135  0.49153815895344988
  0.50223927729729956  0.51353780397115045  0.52478307085267517  0.53648012603918882
  0.54735141136706011  0.55857249288736754  0.56938218851454647  0.57977125286712605
  0.58982604830312613  0.59999297128653151  0.61092501111555975  0.62234162596404075
  0.63403834953781490  0.64548129117522934  0.65565501204096044  0.66593709252886824
  0.67677975573845972  0.68714544908367059  0.69700169473120743  0.70650711811576494
  0.71723725588784815  0.72841531277192550  0.73909491389178938  0.74996901586257025
  0.76087210487085499  0.77133823756031616  0.78138160688508351  0.79124312835350508
  0.80190520439943336  0.81269625337712303  0.82340509538632345  0.83382290016228866
  0.84382807044639063  0.85326192029535064  0.86273346133570894  0.87204238462894312
  0.88173807716927144  0.89157171413709746  0.90135339104266299  0.91175882429105293
  0.92236805434598534  0.93369582579384902  0.94497447821696479  0.95604931336556720
  0.96691334499292458  0.97800979739244898  0.98909304235133022  1.00000000000000000
  0.01277648961298639  0.01784276626732938  0.02409840563526091  0.03213845336958565
  0.03992825548645530  0.04739028179473915  0.05456370956759265  0.06209836741883726
  0.06949551211582414  0.07718459766137145  0.08509268222021778  0.09333312049659559
  0.10162607546138462  0.10976131484397904  0.11778480394562466  0.12559688709480907
  0.13359713254519018  0.14154477445626315  0.14943356587102682  0.15707675984876898
  0.16465353740487668  0.17238631737623550  0.18000027986888642  0.18760664577521596
  0.19541872330386897  0.20326420495128220  0.21124277220969057  0.21950849262576971
  0.22774126864867503  0.23596496100562767  0.24404367248052994  0.25238048439184463
  0.26070647257909257  0.26919414741934339  0.27778267098684734  0.28633763017751568
  0.29505550331058733  0.30407847621146167  0.31319505977341405  0.32212926515419155
  0.33108424835659583  0.34010516861768791  0.34937868128230171  0.35884826966816485
  0.36843688707526412  0.37803944165108833  0.38766623881031514  0.39705158660245232
  0.40612511165921250  0.41516904489434919  0.42425442193290508  0.43371817937508222
  0.44311580444690679  0.45235919549145592  0.46152441653043746  0.47061199508723400
  0.47983559948837645  0.48932329647471623  0.49891374934652505  0.50889084077395452
  0.51887660081294351  0.52882260145257409  0.53843951358905429  0.54835030073965962
  0.55822292200063284  0.56833474969055742  0.57814925658188421  0.58807881560209840
  0.59791404806608339  0.60754092473864640  0.61709987797361521  0.62678451052322937
  0.63653761009261889  0.64632296941283707  0.65662458409842739  0.66777450378799186
  0.67984884921029254  0.69215256381128087  0.70435229985171854  0.71660181668946310
  0.72902113777592670  0.74203916310617390  0.75538945291493231  0.76923177443401591
  0.78318298944482023  0.79747843472285895  0.81207567695110883  0.82750268344314115
  0.84325997057349089  0.85952296533373151  0.87678908597806449  0.89416719572320646
  0.91275134863762331  0.93399910808695408  0.96187967096107430  1.00000000000000000
 -0.00201057251581520  0.10084909911954917  0.13986125386960702  0.16603955062886286
  0.18651326426156833  0.20396809995323228  0.21995692765218330  0.23506348015658959
  0.24949343087271802  0.26330718354739269  0.27651138508411083  0.28893193831334096
  0.30076220001658993  0.31207145622795840  0.32283743102286455  0.33295290717747528
  0.34285029551916679  0.35268284284447099  0.36207888605724659  0.37108192833274389
  0.38003513842413611  0.38911914563530936  0.39827738682850561  0.40714636400214244
  0.41589597677329937  0.42493915093026391  0.43397571503851967  0.44276462082479745
  0.45126152896635346  0.45972611067655605  0.46826192858361643  0.47658316582899213
  0.48454055323381151  0.49240442574628340  0.50042274102321327  0.50852053405273823
  0.51657868927835848  0.52419472898230057  0.53151435925618895  0.53895884335677224
  0.54672771842185863  0.55475536182952456  0.56281300227354281  0.57073078103296071
  0.57863534702527597  0.58670907483833512  0.59503363756571181  0.60337650202830817
  0.61138964374301386  0.61914035475624918  0.62683498697943485  0.63454122219649889
  0.64218823926853719  0.64960064555049479  0.65665396778561114  0.66350307588626278
  0.67034319506021500  0.67725998330805703  0.68433804406774346  0.69140657654085902
  0.69842836571492362  0.70538843267436724  0.71231140322459707  0.71924540290987193
  0.72610154504629765  0.73290049139346569  0.73955485641703411  0.74585984959666318
  0.75231630068618816  0.75890873217249299  0.76575058666454243  0.77263921928023194
  0.77877567963900063  0.78498199280221048  0.79091149264240224  0.79696741992014319
  0.80284945516354911  0.80881864679027327  0.81474518371391125  0.82055079945973830
  0.82630236967899195  0.83210170302568887  0.83828636328371908  0.84478290150093893
  0.85120488965810359  0.85771665478854886  0.86425016870454585  0.87092178517435981
  0.87830174485612944  0.88630334891972251  0.89503041153125695  0.90458021683053336
  0.91507709266000503  0.92867220372121895  0.95155326660756268  1.00000000000000000
   1.3580975710586727       -1.0000000000000000     
 F F F F F F F F F F F F F F F F F F F F F F F F F F F F F F F F
  <DiscreteSampler_grid>
  grouped_processes
  1 # 1 for a reference and 2 for a running grid.
  10 # Attribute 'min_bin_probing_points' of the grid.
  1 # Attribute 'grid_mode' of the grid. 1=='default',2=='initialization'
  0.0000000000000000 # Attribute 'small_contrib_threshold' of the grid.
  0.5000000000000000 # Attribute 'damping_power' of the grid.
 # binID   n_entries weight   weight_sqr   abs_weight
    13   10   1.259548805192700E+008   4.243637567130549E+016   1.259548805192700E+008
    14   10   1.259548805192700E+008   4.243637567130550E+016   1.259548805192700E+008
    16   10   5.061859674553664E+008   2.702724688729528E+017   5.061859674553664E+008
    17   10   5.061859674553664E+008   2.702724688729528E+017   5.061859674553664E+008
  </DiscreteSampler_grid>
