  0.00000444603580634  0.00000934141184117  0.00001431297657748  0.00001912770944480
  0.00002370304958913  0.00002803802135457  0.00003242315993331  0.00003723957519443
  0.00004195583648649  0.00004664484759713  0.00005136722156864  0.00005613887589017
  0.00006096892294866  0.00006587697482621  0.00007099239165916  0.00007620898136773
  0.00008150054012963  0.00008689481395924  0.00009241446721908  0.00009805580569808
  0.00010378790171375  0.00010958722354263  0.00011547601336946  0.00012151416306205
  0.00012772270707833  0.00013407079070105  0.00014052097634644  0.00014707581181570
  0.00015376252005680  0.00016058016011979  0.00016750415368087  0.00017456130408917
  0.00018174839003272  0.00018901046733214  0.00019644436799219  0.00020425398730954
  0.00021226856817604  0.00022059663785406  0.00022925652845746  0.00023805660292842
  0.00024722927600344  0.00025665690272914  0.00026646184430038  0.00027678405391875
  0.00028742655872290  0.00029849655394733  0.00031004258537728  0.00032197546254022
  0.00033473131604897  0.00034786171236761  0.00036160569663687  0.00037592254699537
  0.00039089508104188  0.00040677555052281  0.00042375820738153  0.00044121463164999
  0.00046011065090329  0.00047930228907179  0.00050008558548782  0.00052187995127770
  0.00054482203155882  0.00056932867968198  0.00059489002892726  0.00062324259337728
  0.00065269565822652  0.00068572355060444  0.00072064800396237  0.00075873752526561
  0.00080019101967569  0.00084453725059355  0.00089261881268567  0.00094350285317286
  0.00099895644247805  0.00106271086297039  0.00113304619200985  0.00121237195471681
  0.00129778397223710  0.00139012714285695  0.00149247209078077  0.00160481582615425
  0.00173123053884217  0.00187530780004554  0.00204054518518386  0.00223712097862920
  0.00246914659773191  0.00274278570426729  0.00306625455618403  0.00347186274983303
  0.00396298598758451  0.00458070084683212  0.00544525502668876  0.00660336508018502
  0.00844034651863433  0.01312358324459035  0.10945604969234392  1.00000000000000000
 -0.00238921360769039  0.00933402282223044  0.01898026016313409  0.02902438974774295
  0.03912027349914257  0.04931579646202221  0.05969651139648017  0.07021534062864641
  0.08086196843014602  0.09139565004851097  0.10178512612874935  0.11211228931397291
  0.12249749987471387  0.13293576957125686  0.14333706768315038  0.15382778656995511
  0.16426560730848441  0.17480787173152204  0.18528164774685851  0.19575707795629921
  0.20620370137547786  0.21651129093838484  0.22695909886246368  0.23765464263100042
  0.24828511130162628  0.25894618890763182  0.26958891367938326  0.28038017491274253
  0.29124466938931753  0.30203437735574939  0.31264419863653886  0.32328030730228352
  0.33380945411177604  0.34455579897482330  0.35508431258177092  0.36557897327447830
  0.37598942636423222  0.38640704637504891  0.39671721954601646  0.40686720226188910
  0.41698383906869435  0.42732870680849100  0.43771915219488811  0.44808965917807148
  0.45838555918508955  0.46890915302893832  0.47938892768991803  0.48998375192359467
  0.50045942761641560  0.51148643137704430  0.52240243350115989  0.53332982345310243
  0.54418107723619213  0.55487675859399177  0.56555600784665072  0.57600340585693932
  0.58646693422969343  0.59682549773994564  0.60719954811844623  0.61758435601710215
  0.62814631603051718  0.63892828865663642  0.64969815487963078  0.65999597850897784
  0.67014361817114687  0.68060159835972789  0.69122991173476123  0.70224919311303391
  0.71302893587290250  0.72378009976374447  0.73443896550070664  0.74507877644569886
  0.75568113137550075  0.76619951780154272  0.77680579563498287  0.78774692119847034
  0.79864479033325142  0.80939417120895318  0.81978181724898480  0.83018506659395552
  0.84097814274227711  0.85208426071588683  0.86284403677647437  0.87349153689730341
  0.88405140229393508  0.89476962216575029  0.90535564835232185  0.91586070030338529
  0.92641994661877569  0.93686133938891070  0.94709413742432980  0.95731426469548131
  0.96771995049139026  0.97847065819893209  0.98920428180659448  1.00000000000000000
 -0.00384370392226737  0.02426874332988249  0.04503784401468207  0.06239611556327051
  0.07798086192985050  0.09230982437407023  0.10601189424189876  0.11930508942947182
  0.13189212050505392  0.14384168217972507  0.15536833544468287  0.16653470655763544
  0.17724189363479570  0.18752918688777975  0.19754765998932658  0.20753447423827417
  0.21750177650692798  0.22734565499920750  0.23695287930493930  0.24640104399850604
  0.25576448582769451  0.26505167616293762  0.27422294874136899  0.28327171033491211
  0.29225449802755565  0.30096431528441819  0.30961561946882571  0.31808974580658383
  0.32656492479964677  0.33505796228871615  0.34350979956282890  0.35191446521831937
  0.36026847012543617  0.36856495000940115  0.37680199063242648  0.38500406921535191
  0.39318753682289015  0.40129029997214061  0.40927301764692858  0.41726205299341074
  0.42506367502425929  0.43299591684035932  0.44086516270125475  0.44879707049691903
  0.45665944678915504  0.46450179379943246  0.47237109010654071  0.48018513203445612
  0.48808739412217933  0.49599715992309013  0.50389491996207447  0.51180894837486690
  0.51974117942145837  0.52763443816676292  0.53536944965944933  0.54306965248469652
  0.55089590905956964  0.55883336527884719  0.56680542177846915  0.57471893664940343
  0.58260695532889539  0.59041802921405639  0.59826931922168036  0.60619551642920178
  0.61409270529960847  0.62201327919864768  0.63003714019662416  0.63826982466405036
  0.64660364408203241  0.65503998778063777  0.66339037022766034  0.67180752108058694
  0.68027332350005409  0.68882249690464004  0.69753002843896750  0.70634011112265405
  0.71547071562109466  0.72469614392337578  0.73400726896047286  0.74331520805942441
  0.75292279098459547  0.76276344073790325  0.77287180674332501  0.78305416566088448
  0.79368413118069048  0.80478213707847246  0.81622056349799366  0.82776921246265267
  0.84029140972168737  0.85364387873404746  0.86830507304329207  0.88401000542883923
  0.90151270978698772  0.92197476555641955  0.95093553883591486  1.00000000000000000
 -0.01863229370900336  0.11004448648007248  0.14623678836314224  0.16815391193338999
  0.18514681660227103  0.19982014079777272  0.21296873235850022  0.22505167022471972
  0.23633351111331508  0.24695536152405295  0.25680417167833602  0.26605978060406577
  0.27488768937115909  0.28344571965786214  0.29178390535120607  0.29982883811564565
  0.30761075625153272  0.31519580420207793  0.32262225259353944  0.32991672171255076
  0.33703164277782627  0.34398830286855753  0.35084770612030097  0.35752578401485924
  0.36406409557361613  0.37054511199464357  0.37694375298100141  0.38323638551639244
  0.38942319432957406  0.39555300677241773  0.40155826231564778  0.40754397857936825
  0.41354470078424432  0.41938065134745084  0.42510037737566519  0.43080252910974665
  0.43649710298637723  0.44216581286822726  0.44780238631533009  0.45341653762205952
  0.45897196527526690  0.46446062123299081  0.46992666230249508  0.47537694339243669
  0.48085485268473938  0.48635893733414065  0.49190612335176315  0.49748551053110673
  0.50302931557244657  0.50853229290668389  0.51399843837397396  0.51946308607159652
  0.52494383147789503  0.53047040756351704  0.53600883355040962  0.54156008535188527
  0.54711532983053024  0.55264947372434148  0.55821404725412493  0.56385880025222224
  0.56965845466602050  0.57554301074874059  0.58141760147701227  0.58734443600726149
  0.59331857416797440  0.59940065689617361  0.60555709649154010  0.61172846543010084
  0.61790038996241381  0.62412549502333692  0.63045023884098383  0.63685568546768523
  0.64332655776601744  0.64989971044459005  0.65660112614217780  0.66344556881559968
  0.67049784623926834  0.67782829076022033  0.68525857083742292  0.69281877206165265
  0.70050970954720448  0.70840522755137469  0.71662578440774161  0.72513912218003984
  0.73405654969710987  0.74342506394338648  0.75331109406456398  0.76380966550221552
  0.77500218846157476  0.78709555873706127  0.80033919251283270  0.81519906323641955
  0.83250020635103872  0.85481191961308733  0.89110166501238119  1.00000000000000000
   2.3512460694170450E-003  -1.0000000000000000     
 F F F F F F F F F F F F F F F F F F F F F F F F F F F F F F F F
  <DiscreteSampler_grid>
  grouped_processes
  1 # 1 for a reference and 2 for a running grid.
  10 # Attribute 'min_bin_probing_points' of the grid.
  1 # Attribute 'grid_mode' of the grid. 1=='default',2=='initialization'
  0.0000000000000000 # Attribute 'small_contrib_threshold' of the grid.
  0.5000000000000000 # Attribute 'damping_power' of the grid.
 # binID   n_entries weight   weight_sqr   abs_weight
    10   10   1.427734857023894E+008   2.680584682051470E+016   1.427734857023894E+008
    16   10   1.427734857023894E+008   2.680584682051470E+016   1.427734857023894E+008
  </DiscreteSampler_grid>
