  0.00000238627885077  0.00000242155808929  0.00000245319311636  0.00000247142681911
  0.00000249306893434  0.00000251743302608  0.00000254254729894  0.00000256849373446
  0.00000259520357653  0.00000262246984218  0.00000265067814993  0.00000267977800163
  0.00000270918775827  0.00000273853194064  0.00000277334015123  0.00000280858441415
  0.00000284495831985  0.00000288258230381  0.00000292127082919  0.00000296078375643
  0.00000300092762403  0.00000304233248758  0.00000308449994439  0.00000312740127371
  0.00000317175206626  0.00000322010444344  0.00000327428583812  0.00000333182256339
  0.00000338909333583  0.00000344835793162  0.00000350903056917  0.00000357182348250
  0.00000363597517047  0.00000370179649113  0.00000377537196717  0.00000385857896459
  0.00000394047249698  0.00000402375295319  0.00000410858924831  0.00000419406722635
  0.00000428246060349  0.00000438267645705  0.00000448860145044  0.00000459959944749
  0.00000471499356515  0.00000483309453044  0.00000495576921714  0.00000508783682071
  0.00000523203071230  0.00000538193239809  0.00000553597104923  0.00000569706202283
  0.00000586738531087  0.00000605925777804  0.00000626303894955  0.00000646913116357
  0.00000668092970025  0.00000690978705621  0.00000717189018648  0.00000743816895298
  0.00000771419349998  0.00000802302685678  0.00000837039721532  0.00000873149552455
  0.00000910109861654  0.00000954052426381  0.00001000426286813  0.00001049907276334
  0.00001104869437428  0.00001166724081488  0.00001233169247539  0.00001310060210401
  0.00001391894373214  0.00001480203278980  0.00001584717916654  0.00001697278398850
  0.00001832046418581  0.00001978188783372  0.00002153664629217  0.00002356116186392
  0.00002581921556595  0.00002849167023921  0.00003153096021204  0.00003520210628578
  0.00003967560544677  0.00004542579024558  0.00005266494842146  0.00006174623385418
  0.00007428577438806  0.00009281732864382  0.00012057717277475  0.00015991900924390
  0.00022583356788326  0.00038500913927643  0.00280049767582115  1.00000000000000000
 -0.00219478365811659  0.00911465726261107  0.01869781685857206  0.02863146161408976
  0.03876178489913577  0.04919280942762398  0.05949504120647583  0.07001435357006960
  0.08057882304169509  0.09143997986116596  0.10245928317399454  0.11333122113771911
  0.12402195604507511  0.13457228024005294  0.14512509069077345  0.15571052282813383
  0.16628952022005689  0.17670262167047721  0.18713979674560621  0.19763055243840669
  0.20823586514202733  0.21883135981109153  0.22946318554980732  0.24037658785019567
  0.25140349086429375  0.26240619320488612  0.27303726071540108  0.28340881657845846
  0.29363831718872174  0.30378946550391983  0.31407496501819232  0.32462670607197053
  0.33536383158251054  0.34605094559365968  0.35643221533904529  0.36668999422963577
  0.37706116407327678  0.38773604826464847  0.39867751139443830  0.40982386218925299
  0.42074622852795390  0.43126444803008185  0.44163088019322544  0.45201595076921869
  0.46247929215932992  0.47277311778257824  0.48318812974561859  0.49364068674103445
  0.50414019574325475  0.51443209040807802  0.52471704185346790  0.53524828225737930
  0.54596143122337504  0.55669619951757243  0.56736124577462899  0.57806536951418874
  0.58886637300835365  0.59957912146012504  0.61049696384462693  0.62126329971089878
  0.63197232721958208  0.64250284139689007  0.65317088868944484  0.66397327131272166
  0.67500222863846027  0.68597283111945706  0.69695644267263179  0.70797786998163414
  0.71896970993513987  0.72959895680756837  0.73991055690817398  0.75025152798599537
  0.76074348058248076  0.77132775233378958  0.78201958862359011  0.79284851530060729
  0.80372602452699082  0.81454630973632614  0.82519129943038105  0.83548631237403248
  0.84557449378326066  0.85571242295560623  0.86600938758475388  0.87636610785342994
  0.88687607580957029  0.89731414291715073  0.90770761198180039  0.91791828194713343
  0.92823951246212899  0.93892823321832131  0.94945419296499522  0.95980340982814294
  0.96986807455316226  0.98005411748276405  0.98996562358637052  1.00000000000000000
 -0.00286675315805391  0.01427840558145618  0.02875710839203856  0.04327213347623943
  0.05730500865137730  0.07100291439856286  0.08455081015549508  0.09799535675684014
  0.11113747547319851  0.12415528868743678  0.13731576139558671  0.15035808789906382
  0.16355271911235783  0.17674269631108805  0.18996441558181912  0.20283390884914229
  0.21577440656133615  0.22881430168062750  0.24200709151838920  0.25520370707241169
  0.26818453680367338  0.28098767803304892  0.29372304814424760  0.30645853872422768
  0.31923801061796880  0.33205047569863710  0.34456674534612941  0.35697294096213478
  0.36951751061913940  0.38201708291299424  0.39441541040608058  0.40688066301374315
  0.41936073045965006  0.43158712526746246  0.44368948478198195  0.45552529295805994
  0.46721395565371954  0.47875281188618607  0.49028923374685496  0.50180320961394453
  0.51318563443194531  0.52450372647714638  0.53592080505112849  0.54748459337203137
  0.55895603983085229  0.57000911467297544  0.58077145335555558  0.59134591762459865
  0.60193952299320463  0.61253514425852029  0.62315976623887825  0.63351712956300110
  0.64378465473642243  0.65400012316927125  0.66420598586133583  0.67427279409372143
  0.68421816492584553  0.69410196312783956  0.70395677532202783  0.71374208298691000
  0.72346253993815390  0.73305113854758097  0.74247266604764195  0.75180854634288508
  0.76105272130127677  0.77025908747367822  0.77927678393646871  0.78814980806724466
  0.79710312468333777  0.80609816266093604  0.81506015796856013  0.82388827841931522
  0.83247179058246379  0.84100221335902126  0.84950788387855447  0.85771400272194187
  0.86564976436744945  0.87352041694971616  0.88125774831593517  0.88893887800195404
  0.89656722291869773  0.90417649436128633  0.91171509358209279  0.91909445822936131
  0.92646098821556544  0.93362745225743893  0.94085641142758136  0.94796981806037617
  0.95504481051634049  0.96188302263351788  0.96846400905278618  0.97492428827258215
  0.98125040182674517  0.98747690215889128  0.99372940812792632  1.00000000000000000
  0.00017577507422273  0.09165262828679799  0.12469882268591452  0.14717372489045383
  0.16501536487493945  0.18064184252275464  0.19441779740358933  0.20681566276756005
  0.21822632373197237  0.22897110375943475  0.23922162280327325  0.24914428351959955
  0.25870678421363774  0.26787750982365621  0.27661770809423103  0.28516622372513134
  0.29353747863143165  0.30152395914778185  0.30915478031828980  0.31661081104042504
  0.32401829983354835  0.33139938972636312  0.33864656369293328  0.34567649304213266
  0.35252787779974826  0.35922372199508557  0.36580679731585308  0.37240843585595595
  0.37898948857672643  0.38551464715146033  0.39207374259270411  0.39856173345872792
  0.40500924848549569  0.41145140917882489  0.41794225306835392  0.42421667243000200
  0.43037517869754682  0.43637791764402678  0.44241575060676774  0.44850531396615478
  0.45459602378064906  0.46069084007696282  0.46678528534815839  0.47287036115101727
  0.47898137683336700  0.48493766409713890  0.49082097545183445  0.49675497079947595
  0.50271800213120055  0.50872600850674243  0.51475944877630342  0.52072496534387847
  0.52673661105574610  0.53278098404472995  0.53884953429615101  0.54496575941942349
  0.55109867839471893  0.55722359138208011  0.56333750621668788  0.56948773131716612
  0.57572609419947052  0.58207875813576593  0.58859072672887269  0.59514355612247982
  0.60168701349015230  0.60820138175502714  0.61467339635706997  0.62122493368990528
  0.62787499625246235  0.63472602423331348  0.64164298867281344  0.64863255780102413
  0.65570939673694884  0.66284019179164677  0.67008151490172796  0.67740873410937619
  0.68478480219914839  0.69234523027067774  0.70017196452232588  0.70831455787490316
  0.71674091309077004  0.72537196509683621  0.73415418761237561  0.74320159867088342
  0.75262318534998796  0.76233114390021572  0.77249779178333267  0.78321134549382154
  0.79458777280665427  0.80689242321501231  0.82037152675388592  0.83525779177455606
  0.85218496446167269  0.87443126376196645  0.90742420498315723  1.00000000000000000
   3357.5882227528082       -1.0000000000000000     
 F F F F F F F F F F F F F F F F F F F F F F F F F F F F F F F F
  <DiscreteSampler_grid>
  grouped_processes
  1 # 1 for a reference and 2 for a running grid.
  10 # Attribute 'min_bin_probing_points' of the grid.
  1 # Attribute 'grid_mode' of the grid. 1=='default',2=='initialization'
  0.0000000000000000 # Attribute 'small_contrib_threshold' of the grid.
  0.5000000000000000 # Attribute 'damping_power' of the grid.
 # binID   n_entries weight   weight_sqr   abs_weight
    10   10   1.759253122376416E+012   2.510266556645029E+025   1.759253122376416E+012
    16   10   1.759253122376416E+012   2.510266556645029E+025   1.759253122376416E+012
  </DiscreteSampler_grid>
