  0.03900210772736325  0.04332814038339618  0.04959228515986310  0.05529153099307543
  0.06062023481420605  0.06600988850473440  0.07147839662352207  0.07697399653551013
  0.08253579996194309  0.08819252019926817  0.09390256129299163  0.09962492878623452
  0.10537821430068599  0.11123475025504398  0.11717778538779097  0.12314492493413765
  0.12926797118120137  0.13547779262853726  0.14171674553325092  0.14803438813899633
  0.15440688869175517  0.16082009285959367  0.16731694336544384  0.17391001267627187
  0.18058156604039988  0.18734610210245495  0.19420851483861751  0.20115055068222137
  0.20813555502742209  0.21525820234595094  0.22257929266054063  0.23000677771783384
  0.23762828671205119  0.24530211257998194  0.25303096154170274  0.26079050983879704
  0.26862667941333546  0.27658382039598051  0.28465508096319581  0.29282315656740010
  0.30112619353034176  0.30945053475666562  0.31804189770724478  0.32685132611407702
  0.33586814593512915  0.34505455719846995  0.35437200523174861  0.36377034173104322
  0.37326701617781383  0.38292603727181462  0.39275214882916604  0.40278668149424873
  0.41302384431967520  0.42342972142178964  0.43399545191881667  0.44473843417912490
  0.45571872801652369  0.46687294361376863  0.47816553626221675  0.48965214183254119
  0.50144594170070300  0.51349041587011501  0.52589078982059578  0.53850890370430304
  0.55143804651914408  0.56445062811750280  0.57751711215923174  0.59074109253904117
  0.60415330018149105  0.61779306610359441  0.63160839693628656  0.64556627220667717
  0.65979407161958836  0.67434984469181924  0.68922936201163543  0.70424983870793345
  0.71928214250127831  0.73438055138063962  0.74956900789837866  0.76478596176293689
  0.77995464228107159  0.79511972742383596  0.81028285342127881  0.82535916195085535
  0.84027462629130334  0.85495186132888801  0.86943357767317386  0.88383393027700519
  0.89813362995484258  0.91220646922721471  0.92623703396557855  0.93957150482682661
  0.95087271067993839  0.95589165585420921  0.97583929303860684  1.00000000000000000
 -0.00246231331062045  0.00929421795119011  0.01945241743933090  0.02971260707525681
  0.04020697456121103  0.05067333271171702  0.06118573849737709  0.07154736867859388
  0.08193724555582473  0.09259302031292904  0.10326204751117098  0.11392568751487937
  0.12460024586355850  0.13543749655385182  0.14628955768083957  0.15708247876173531
  0.16763256576133112  0.17808924436171547  0.18847104245112239  0.19899485555680627
  0.20959094776642834  0.22032576267695542  0.23108865288904909  0.24184575318073018
  0.25259954926570510  0.26346911119516780  0.27431301851595291  0.28506410250559067
  0.29564970322910666  0.30628185085162923  0.31685833308425654  0.32738337210382357
  0.33795370000789948  0.34852428925441015  0.35915411469628544  0.36972434281731947
  0.38020253101387258  0.39063842571706997  0.40116688300618075  0.41179461781837212
  0.42238082185099268  0.43286531375128756  0.44356190625417363  0.45439993540128049
  0.46516282142897131  0.47589458818707120  0.48639328794142556  0.49680650827878758
  0.50702184181478649  0.51731116531830612  0.52763748394125765  0.53808877586255965
  0.54844535234894709  0.55882593550332138  0.56912929408838808  0.57951992452123013
  0.58997316458575466  0.60045113927977556  0.61092138614272939  0.62132460418860680
  0.63192810030851354  0.64254960424088547  0.65303280999189706  0.66339089863363421
  0.67363646119008658  0.68408218446704494  0.69465921186110746  0.70527286402346256
  0.71587562119606973  0.72631303404348757  0.73689175970739829  0.74739325636996579
  0.75809713808406998  0.76873405817859963  0.77942984610379773  0.79007030704279668
  0.80062968468412465  0.81132613473783355  0.82174885829960775  0.83228137914945277
  0.84257742043200323  0.85286134920194145  0.86316330177981293  0.87362732393311437
  0.88420651932536887  0.89469788259797356  0.90494222874021346  0.91525024852646664
  0.92578866241004365  0.93627260729523720  0.94677912741126435  0.95711159534852541
  0.96782965906479190  0.97847536007187685  0.98926881447805948  1.00000000000000000
  0.00034614821241585  0.00858041067426239  0.01729095208138937  0.02662529612222890
  0.03637069521806120  0.04628093614233306  0.05629912695066130  0.06629269100272508
  0.07640513511777323  0.08658474527974061  0.09666887263714224  0.10681307788223231
  0.11706039466299022  0.12745554785318694  0.13777567580168487  0.14791865295732889
  0.15794614584949521  0.16806593338075165  0.17838325867487720  0.18893177551608542
  0.19952540235656846  0.21002899485044840  0.22047056604540269  0.23072688079510392
  0.24090124557056081  0.25105133622503939  0.26124224047804723  0.27142714516453581
  0.28163941155227534  0.29195868683253073  0.30241059273481646  0.31285090965692408
  0.32335831004507004  0.33390621979016838  0.34450614027752263  0.35509379880256353
  0.36560089037663629  0.37612282600833402  0.38661825192262123  0.39711061211863691
  0.40759619839593786  0.41811059300021608  0.42869274822716091  0.43933160478816724
  0.44996624906393062  0.46067901689715968  0.47143477408143147  0.48219439188306074
  0.49279964910496249  0.50331349944224812  0.51378281933358383  0.52431241745180412
  0.53473234003525938  0.54512989958036251  0.55556684414108848  0.56615375811095980
  0.57686810644781084  0.58763353536156038  0.59842280081522492  0.60914553699003482
  0.61983567869211398  0.63039685809215018  0.64088390038933796  0.65139457913325238
  0.66196074591058041  0.67244748010799049  0.68291985400263744  0.69341851211881245
  0.70392178192442412  0.71429003599659868  0.72462716539746819  0.73506783988936242
  0.74562760964804309  0.75625843638484891  0.76688974533289778  0.77753454316429038
  0.78823569166202445  0.79908601689080327  0.80994052072506217  0.82075512253184002
  0.83153878503025169  0.84231719832773488  0.85308070120255031  0.86389892986148609
  0.87468166245661283  0.88550927414073377  0.89636910251550472  0.90733192828649489
  0.91824103096158516  0.92919641303014755  0.94016781731580179  0.95118819068432525
  0.96239624665914281  0.97400908038185952  0.98652682810167114  1.00000000000000000
 -0.01552772576461937  0.10426517089499493  0.14480985913815142  0.17122665698832076
  0.19305604502506418  0.21219125657494042  0.22920316031778182  0.24458151310931475
  0.25880032974379374  0.27236921222950744  0.28514807680793053  0.29745273514859788
  0.30933369903622226  0.32082845856234626  0.33191019010020351  0.34258308889143679
  0.35294860691363517  0.36308722329130361  0.37297489405695022  0.38258024260288048
  0.39197917822077932  0.40127674001221242  0.41050089608811879  0.41963649911684270
  0.42864680615425860  0.43752932660775079  0.44628336402920643  0.45495015597468841
  0.46349798753237736  0.47194822327335673  0.48032113287139150  0.48859281232980473
  0.49678966439420308  0.50485947112510476  0.51288396138058190  0.52088663555253023
  0.52886822202900718  0.53677655112563161  0.54459991656051543  0.55235480797040948
  0.56002555159708367  0.56757822826975002  0.57502646457717232  0.58245877254201017
  0.58982049066662801  0.59713137868862276  0.60439458138310020  0.61154991541409176
  0.61862441013569802  0.62567547638555288  0.63268659600003263  0.63964815890196469
  0.64659335853584099  0.65352581538572019  0.66043731017967400  0.66731319261731303
  0.67413702386935836  0.68091743239550906  0.68763659118051312  0.69429228121511688
  0.70093861722947337  0.70755723848817886  0.71402977421572134  0.72040793299615435
  0.72669673572186677  0.73287584899606506  0.73901389414413643  0.74516566799223083
  0.75134055797234867  0.75744027215786125  0.76348760025862195  0.76950734705196222
  0.77549866023193925  0.78146610645739456  0.78741228256407747  0.79334981518389769
  0.79937683417437200  0.80538283368037911  0.81139810494315090  0.81748642968248719
  0.82366287319215936  0.82993129202915972  0.83633882109039182  0.84285297276635496
  0.84942371393311022  0.85619401115389249  0.86324525321684498  0.87052984215901674
  0.87821901393354496  0.88642757956630758  0.89522776146866245  0.90514304728951667
  0.91656173816234843  0.93103009814937221  0.95288988990053203  1.00000000000000000
   2.3798629070168234E-002  -1.0000000000000000     
 F F F F F F F F F F F F F F F F F F F F F F F F F F F F F F F F
  <DiscreteSampler_grid>
  grouped_processes
  1 # 1 for a reference and 2 for a running grid.
  10 # Attribute 'min_bin_probing_points' of the grid.
  1 # Attribute 'grid_mode' of the grid. 1=='default',2=='initialization'
  0.0000000000000000 # Attribute 'small_contrib_threshold' of the grid.
  0.5000000000000000 # Attribute 'damping_power' of the grid.
 # binID   n_entries weight   weight_sqr   abs_weight
    13   10   5.353936374828288E+008   4.738931881777891E+017   5.353936374828288E+008
    14   10   5.353936374828288E+008   4.738931881777889E+017   5.353936374828288E+008
    16   10   7.127763735121119E+008   8.870999131882957E+017   7.127763735121119E+008
    17   10   7.127763735121119E+008   8.870999131882959E+017   7.127763735121119E+008
  </DiscreteSampler_grid>
