  0.00000238212064356  0.00000240568911517  0.00000242462381902  0.00000244402126794
  0.00000246435465219  0.00000248626767404  0.00000251142676440  0.00000253746889711
  0.00000256325160067  0.00000258962872079  0.00000261742655467  0.00000264620006848
  0.00000267549120960  0.00000270483125020  0.00000273608254338  0.00000276821293163
  0.00000280335949587  0.00000284097387848  0.00000287907534971  0.00000291838665321
  0.00000295846009540  0.00000299974453653  0.00000304217115197  0.00000308529568300
  0.00000312861107596  0.00000317429392460  0.00000322314773043  0.00000327789543277
  0.00000333697572222  0.00000339709288686  0.00000345817848618  0.00000352026572325
  0.00000358328715877  0.00000364849473394  0.00000371751638084  0.00000379156845047
  0.00000387381667871  0.00000395554363724  0.00000403807783572  0.00000412234308320
  0.00000420840336090  0.00000429539023616  0.00000440464019845  0.00000451664577138
  0.00000463219978117  0.00000475145415664  0.00000487311799487  0.00000499770731641
  0.00000514059262307  0.00000530003643527  0.00000546180703422  0.00000562599685555
  0.00000579921218343  0.00000598547047288  0.00000618430225251  0.00000639478888990
  0.00000662102467193  0.00000686897905606  0.00000714283053388  0.00000743941495882
  0.00000774505956099  0.00000809062697173  0.00000846397424242  0.00000885530120094
  0.00000928958216777  0.00000976510549029  0.00001026134751703  0.00001080255087957
  0.00001140724020405  0.00001206484822361  0.00001282043662985  0.00001367831731113
  0.00001463345037224  0.00001571453727152  0.00001692851058950  0.00001832639229449
  0.00001990448332961  0.00002172545755186  0.00002387188259484  0.00002641002499425
  0.00002934030087486  0.00003311032676311  0.00003740874256503  0.00004235795945772
  0.00004863704985704  0.00005689112342557  0.00006682884969272  0.00007994221548981
  0.00009797623863757  0.00012421744668383  0.00016291561547911  0.00022460412314405
  0.00033357317868229  0.00051882399966415  0.00710843924960969  1.00000000000000000
 -0.00242987009177205  0.00919668173261091  0.01878687541958925  0.02896632202432325
  0.03944303629100807  0.04974294285404364  0.05997885914806480  0.07038950688634704
  0.08130758927837642  0.09253253474713986  0.10441939590004481  0.11629070687550902
  0.12779177873802189  0.13842616387649859  0.14899508602288597  0.15908345230957482
  0.16923657198395411  0.17949182607216357  0.18983633213936779  0.20024593309450603
  0.21058925468713730  0.22100180543521891  0.23118507860573670  0.24131543573229289
  0.25152350790460043  0.26201430333164133  0.27250222957923476  0.28300610474944188
  0.29352281637554073  0.30395916831180986  0.31445956689252785  0.32513280452500726
  0.33598005977725154  0.34671063245085099  0.35731544999566522  0.36848894304214386
  0.37975122995092636  0.39097801180091307  0.40189779116150398  0.41270757127506230
  0.42319245856591864  0.43365170951235482  0.44391743667080774  0.45416357930338358
  0.46423304747819205  0.47424057329526770  0.48456961941490201  0.49490284988096711
  0.50524264764279381  0.51587313820336911  0.52624099391944723  0.53671478552377361
  0.54702795380485914  0.55717602383248577  0.56746303538558673  0.57766891454990610
  0.58809314212678843  0.59925961248334136  0.61065980761366856  0.62216460357370074
  0.63336925064385496  0.64438048462024022  0.65566197897327549  0.66688418864600407
  0.67791682497967731  0.68868428182672925  0.69934558089602095  0.71004524594328577
  0.72076017908611090  0.73121580999258995  0.74121933099404669  0.75129516768179361
  0.76172107660375410  0.77208964806162661  0.78231247050705155  0.79247524858056173
  0.80259117756309950  0.81249447935813579  0.82204791725705872  0.83173961121741269
  0.84174348966043511  0.85169104221627256  0.86208500486930484  0.87273805472472599
  0.88319487771589777  0.89327966672025216  0.90358934495690368  0.91432898197528201
  0.92550461152039032  0.93649028305094251  0.94744386438875672  0.95847034648443707
  0.96887152846121338  0.97949734054728232  0.98973544824593929  1.00000000000000000
  0.00400011316517077  0.02712180648421222  0.04963876456734549  0.06985431885207130
  0.08912735818309600  0.10831704934891502  0.12773027869025946  0.14697003187496158
  0.16537858031772956  0.18307125928364112  0.20012907756819828  0.21737833982018609
  0.23448924188813552  0.25078675208717538  0.26676581934440574  0.28239895327712361
  0.29782164056688487  0.31317304276433783  0.32815705104501819  0.34275161408427496
  0.35684108247062524  0.37054979395704368  0.38398478452723872  0.39742080074710434
  0.41080419447745398  0.42430252168558513  0.43750367146860514  0.45028536690147575
  0.46292011894082996  0.47540716828514457  0.48778357402643308  0.50003060825484302
  0.51205505753281266  0.52389384665681638  0.53557047233228539  0.54697807005591881
  0.55796671264153785  0.56872213001709149  0.57933675501918536  0.58986220563334035
  0.60047271826407800  0.61131547344189907  0.62221163897898690  0.63292386413564639
  0.64354409940071844  0.65429367290208706  0.66497499163690599  0.67544157629840973
  0.68567163833750100  0.69570314517849263  0.70547604817180110  0.71493930760152002
  0.72418601398865901  0.73322796869934925  0.74205374479042308  0.75077784759605881
  0.75938692229056381  0.76778829141604765  0.77600848858127969  0.78418378155597179
  0.79244910425525472  0.80082167819130379  0.80910768037316938  0.81713840016955297
  0.82497178073361455  0.83260670406826121  0.83994305901611421  0.84704722584752123
  0.85407655793091775  0.86101220432802861  0.86800491952228798  0.87488388086409996
  0.88165118094519568  0.88826342750947052  0.89477648523796471  0.90113056731262231
  0.90736346602831419  0.91347022006134937  0.91936177440565980  0.92503229420213839
  0.93052679708110875  0.93582202211836152  0.94111820852516614  0.94636095401137821
  0.95155018006673864  0.95676194790710201  0.96174086596685682  0.96659127721735361
  0.97138955691401052  0.97605470437242425  0.98054421234720757  0.98472269878259566
  0.98871365936733635  0.99255436452028967  0.99629837412280753  1.00000000000000000
  0.00185751913259570  0.05498685719893164  0.07864907571527102  0.09379005999120879
  0.10564737987563208  0.11568934457586680  0.12455922149193943  0.13246416180945178
  0.13985938792758684  0.14707202489923285  0.15394675617312298  0.16069541160266879
  0.16710826296284353  0.17313657182562855  0.17921294991369008  0.18526297367219521
  0.19113336444714463  0.19667496258778067  0.20226839976100938  0.20793317621185178
  0.21366539969135462  0.21934554623736827  0.22501400865371710  0.23077801652516530
  0.23660345631798393  0.24240336921174535  0.24813654378117839  0.25387160196844982
  0.25966318403482763  0.26541939170062911  0.27126083263457162  0.27713601728735254
  0.28306071971928964  0.28898301565529910  0.29479259591624923  0.30051027209383013
  0.30611996164703670  0.31186429870064358  0.31790392565679682  0.32397643922990293
  0.32999463177841992  0.33591338027796225  0.34187764397002968  0.34799072083594629
  0.35429648082061710  0.36097297062713390  0.36790312170269696  0.37481337346343568
  0.38172038966119270  0.38863781266820141  0.39559396410556080  0.40244895344372994
  0.40935037779330086  0.41622056204400748  0.42311235633933370  0.43003565609952610
  0.43694687875906030  0.44399809232186283  0.45113610655723757  0.45835104310217628
  0.46592678523391251  0.47370918198866790  0.48147331065460497  0.48921386326745320
  0.49681854393419816  0.50447764369040304  0.51237289433026689  0.52052960625569356
  0.52899987905193968  0.53765650804510434  0.54621245507383820  0.55479001544787643
  0.56354661577633602  0.57253183836704302  0.58157658293244896  0.59079276517889190
  0.60035469585636880  0.61010815940803220  0.62013611687288928  0.63022792719229304
  0.64062229604326359  0.65140039781267078  0.66250124330711391  0.67394894202353151
  0.68608175546777872  0.69901371490110065  0.71258402094604112  0.72666174354119062
  0.74181776649003262  0.75788791814136314  0.77592439303452609  0.79608699609979650
  0.81855727153699787  0.84500261580629976  0.88612640214386740  1.00000000000000000
   1644.7443922145696       -1.0000000000000000     
 F F F F F F F F F F F F F F F F F F F F F F F F F F F F F F F F
  <DiscreteSampler_grid>
  grouped_processes
  1 # 1 for a reference and 2 for a running grid.
  10 # Attribute 'min_bin_probing_points' of the grid.
  1 # Attribute 'grid_mode' of the grid. 1=='default',2=='initialization'
  0.0000000000000000 # Attribute 'small_contrib_threshold' of the grid.
  0.5000000000000000 # Attribute 'damping_power' of the grid.
 # binID   n_entries weight   weight_sqr   abs_weight
    13   10   1.894759466341593E+010   1.557584220080331E+021   1.894759466341593E+010
    14   10   1.894759466341593E+010   1.557584220080331E+021   1.894759466341593E+010
    16   10   1.894759466341593E+010   1.557584220080331E+021   1.894759466341593E+010
    17   10   1.894759466341593E+010   1.557584220080331E+021   1.894759466341593E+010
  </DiscreteSampler_grid>
