 -0.00539838672666701  0.07918970719349691  0.11080838489427165  0.13667697025250408
  0.15777739439133273  0.17551838973311176  0.19030569623844970  0.20382796899964475
  0.21648334341907532  0.22848782392044970  0.23999844667066958  0.25080172390045657
  0.26074288805143864  0.27027370774429577  0.27944961813991370  0.28833259918919879
  0.29680348671544643  0.30480302020654393  0.31259793759709686  0.32022128242757525
  0.32751513959942752  0.33460540568529079  0.34150752030165316  0.34829560666293252
  0.35486635842532166  0.36110265066288089  0.36724279263107179  0.37320545755889423
  0.37902791205711583  0.38476585212746028  0.39041665350398164  0.39602878301639050
  0.40159712069025710  0.40711628919715742  0.41258073326542832  0.41796838238309325
  0.42326073199694558  0.42845697615804412  0.43358053490844950  0.43872000964824898
  0.44375557394386672  0.44879594062391404  0.45384702584415265  0.45889480561461221
  0.46393163293144490  0.46896234836506384  0.47398410740298291  0.47898076635630732
  0.48394570538905185  0.48884437446959195  0.49375169952819054  0.49878194770016648
  0.50394216647446277  0.50916091703733568  0.51438887006737100  0.51960773398507731
  0.52475017850822536  0.52986511135068148  0.53493803700496101  0.54003763910948110
  0.54520349643806842  0.55047085266724372  0.55584673390005002  0.56129318692997465
  0.56676476562978251  0.57218678903143338  0.57755930056027116  0.58294287191583027
  0.58850081714077584  0.59435086324500441  0.60059445665678057  0.60718738219353130
  0.61385788857869583  0.62070990914227242  0.62769522977403447  0.63482811676505713
  0.64202079845773652  0.64938510273871919  0.65693711540483413  0.66466937609298415
  0.67263038353676330  0.68082921620639658  0.68927006756740949  0.69787096733396592
  0.70793234748642564  0.71949941406694429  0.73229835058413806  0.74555543654957435
  0.75949090806680231  0.77460324621868748  0.79111664641503854  0.80954831070483646
  0.82986473153430973  0.86064613071599527  0.90740087853102569  1.00000000000000000
 -0.00232484875343289  0.00952102841784247  0.01939331392173934  0.02990691575793517
  0.04069480621894594  0.05171918519417036  0.06257647735495916  0.07384579304537893
  0.08493964059744671  0.09608610529533634  0.10703424563184326  0.11749103766689740
  0.12766780480682866  0.13789730773796252  0.14780953321159995  0.15755926879803916
  0.16730430454847983  0.17776608725070861  0.18784359476835036  0.19744132722485241
  0.20711802343074490  0.21729729569783110  0.22767565375941071  0.23811814322175900
  0.24866598876225807  0.25918491240532082  0.26931100512666178  0.27955334950567617
  0.28971050433171425  0.29989575877129565  0.30989360806775601  0.31986717418629967
  0.33009247609790560  0.34028615973677068  0.35063902874674052  0.36134632560053581
  0.37263777846775220  0.38368685306300881  0.39472996392507143  0.40629517486639061
  0.41833482181266612  0.42938299458103640  0.44037260403678002  0.45128794560613056
  0.46185985606965563  0.47206068783507138  0.48242020600549107  0.49324794812979367
  0.50406283839855126  0.51458671838020287  0.52491338980564084  0.53511994475669733
  0.54546193608132998  0.55585796645756902  0.56620926973319641  0.57649066535860283
  0.58691863718188719  0.59745880661982786  0.60791747304072874  0.61828606956276300
  0.62888537094878283  0.63999531064691151  0.65158566062913026  0.66323539104208362
  0.67395328173915647  0.68429662063438235  0.69492382566059752  0.70593820357945825
  0.71658309731047543  0.72707575910196853  0.73778482550653623  0.74857577302364187
  0.75888390611804846  0.76912915445004959  0.77941429369700721  0.78982811221719185
  0.80021877428044763  0.81086131278738838  0.82155299205395360  0.83242202076474414
  0.84240318140914716  0.85230082578895583  0.86243180748413917  0.87252880728114757
  0.88298716246499320  0.89310843586226751  0.90388777445960911  0.91491031358120056
  0.92593840253469284  0.93695527477839424  0.94755211155916219  0.95817950937794227
  0.96863957997167127  0.97892072228212323  0.98949933241659893  1.00000000000000000
  0.00287577924983638  0.00618071288479579  0.01169747574520571  0.01708546138456232
  0.02245294878210728  0.02793219549633876  0.03342843175109622  0.03899355918530044
  0.04458496574866623  0.05032333229486481  0.05606432109383609  0.06182548666666878
  0.06761983472137684  0.07340969384443526  0.07916769404767854  0.08506416815323811
  0.09107770586481499  0.09719593481410026  0.10343822504183954  0.10974541825684650
  0.11602512691012028  0.12227431963313265  0.12860583508194143  0.13505278287928327
  0.14151337844473472  0.14791192569049902  0.15428608572925731  0.16073838087105788
  0.16730435253743847  0.17405652638031247  0.18085862137783640  0.18766112996815365
  0.19462019293750155  0.20170289908190159  0.20879596573089321  0.21595775757190813
  0.22315639900637713  0.23035227539511771  0.23813875277846952  0.24581196117165505
  0.25361589812550067  0.26109073380478531  0.26850283811497139  0.27614704667598650
  0.28418961115424812  0.29256830802333333  0.30092183616924406  0.30913200955414982
  0.31734143147569049  0.32565982679749655  0.33420590224540275  0.34289242819431753
  0.35174299918731811  0.36069979455113116  0.36963061762524135  0.37841730619212205
  0.38718684698730071  0.39609042663492233  0.40524912985139305  0.41454347832249000
  0.42409467397080575  0.43390168030988263  0.44374420912034740  0.45370699364200617
  0.46373036828083924  0.47399166011072214  0.48446192737752902  0.49514435107857929
  0.50601903735829390  0.51696267701306997  0.52795940119984897  0.53895634245490687
  0.55004753445375254  0.56156794368824003  0.57359055306173334  0.58583347765239346
  0.59817878359107879  0.61093465125016866  0.62415628858167072  0.63766716328722817
  0.65136773836283024  0.66524750415139555  0.67998205488678121  0.69554173551177900
  0.71174764603220342  0.72847089886638461  0.74573561417565171  0.76382285593405796
  0.78365852825931093  0.80456460480194858  0.82649078566754675  0.84892740056590443
  0.87397192770636944  0.90263161420778337  0.94068364067073784  1.00000000000000000
 -0.00090813818658308  0.08345210022853065  0.11336880688424994  0.13485654313751752
  0.15298154902943134  0.16948093156280120  0.18453775748245518  0.19798035398456368
  0.21009503278242750  0.22158476447141215  0.23241194716605165  0.24264635663947420
  0.25244173494016736  0.26193755115345518  0.27115717165681374  0.27986657038819152
  0.28828346257489151  0.29653667735675465  0.30466161265108188  0.31266017972716120
  0.32067358002536767  0.32864010771651941  0.33614852980762289  0.34323307042984247
  0.35034654363812207  0.35750411678854538  0.36455345160749142  0.37143847567057742
  0.37815499659802082  0.38480459826920232  0.39143342130508130  0.39809814929866139
  0.40510420182757795  0.41185480540633318  0.41848124432614547  0.42506849533145752
  0.43160090355817549  0.43809210040957886  0.44440248127477316  0.45055613297405611
  0.45674294990871361  0.46296825154987814  0.46915625156961194  0.47534093189450333
  0.48152580012998880  0.48784071606053664  0.49434113302750549  0.50086947102648605
  0.50739536210369940  0.51396221449430302  0.52043723911262585  0.52665884901000404
  0.53271751565366410  0.53873790047369130  0.54465366358942890  0.55058204731118054
  0.55651178467471030  0.56266514087373332  0.56898174650441202  0.57545697752450420
  0.58200230765074823  0.58811748451248269  0.59436739388692550  0.60064780148819441
  0.60701706203158068  0.61337629299370022  0.61975991046108803  0.62622032223287816
  0.63277247023915939  0.63943140903301710  0.64623563204964141  0.65330526851874560
  0.66054899287669544  0.66788024294004589  0.67542102672385562  0.68309010888286426
  0.69082733528853157  0.69854233696344126  0.70632202901025598  0.71431982205118827
  0.72259467554682244  0.73121718918317069  0.74018459790830760  0.74944288813915227
  0.75932778096700515  0.76979714424347834  0.78079203550914178  0.79257600696425301
  0.80523989506358939  0.81851230480531090  0.83260271707029587  0.84875469349375698
  0.86719362541771927  0.88911230357572224  0.91976291071477978  1.00000000000000000
  0.59621624252188365       -1.0000000000000000     
 F F F F F F F F F F F F F F F F F F F F F F F F F F F F F F F F
  <DiscreteSampler_grid>
  grouped_processes
  1 # 1 for a reference and 2 for a running grid.
  10 # Attribute 'min_bin_probing_points' of the grid.
  1 # Attribute 'grid_mode' of the grid. 1=='default',2=='initialization'
  0.0000000000000000 # Attribute 'small_contrib_threshold' of the grid.
  0.5000000000000000 # Attribute 'damping_power' of the grid.
 # binID   n_entries weight   weight_sqr   abs_weight
    10   10   3.287331805807616E+006   1.905798032094955E+013   3.287331805807616E+006
  </DiscreteSampler_grid>
