  0.00000153055401000  0.00000557240011776  0.00001172726047838  0.00001748200363749
  0.00002284402915831  0.00002794190985263  0.00003286489098551  0.00003761973551867
  0.00004233329729311  0.00004706493440569  0.00005184407276104  0.00005669051178797
  0.00006161850387670  0.00006669910883277  0.00007184685902135  0.00007707882069929
  0.00008240155136449  0.00008783326967928  0.00009337657398743  0.00009896685010259
  0.00010463616682778  0.00011044920685272  0.00011638410815323  0.00012244970179724
  0.00012860258856566  0.00013480568201170  0.00014105724646523  0.00014739884221652
  0.00015390095607408  0.00016045331834626  0.00016702306199466  0.00017371474634972
  0.00018054899892762  0.00018775501998216  0.00019509504089031  0.00020272178807088
  0.00021062450622060  0.00021884313519082  0.00022751461213710  0.00023652116958919
  0.00024584304160428  0.00025548682215642  0.00026533480876191  0.00027563882551252
  0.00028627462691740  0.00029724894882388  0.00030884802062589  0.00032042928967182
  0.00033290272207961  0.00034580108560744  0.00035933450535821  0.00037368780093518
  0.00038831707865950  0.00040371079821683  0.00041969574544013  0.00043643776601764
  0.00045418928228160  0.00047289168864906  0.00049289534060992  0.00051454677383715
  0.00053728522507214  0.00056183946712563  0.00058763400174279  0.00061511163807316
  0.00064409720821201  0.00067486088302710  0.00070774500747440  0.00074273399284033
  0.00078027558697632  0.00082115603552452  0.00086613966667665  0.00091526715226663
  0.00096686041699479  0.00102408179186195  0.00108473634388944  0.00115103674288516
  0.00122470465863699  0.00130641435009256  0.00140175438367985  0.00150506780153210
  0.00162103023375718  0.00175352221400149  0.00190518267642395  0.00208512967600672
  0.00229874032434976  0.00255516608953537  0.00286907339439522  0.00322742507763419
  0.00365564350947312  0.00421107613176232  0.00502732852583786  0.00628093920358128
  0.00813795402169037  0.01239864716904369  0.33489993640041305  1.00000000000000000
 -0.00255624865184389  0.00976267126263348  0.01986519116538779  0.03059687420344052
  0.04113144853654950  0.05211518888264723  0.06309365101592529  0.07357869223162060
  0.08410555731131047  0.09432834015140260  0.10473713469776330  0.11480657574646622
  0.12468637423988277  0.13519984706247370  0.14566442096181634  0.15627175322135323
  0.16688108930456491  0.17741045396569416  0.18805600318902985  0.19830032974480100
  0.20850867324773953  0.21882080872605886  0.22904512313496694  0.23958598873126299
  0.25028574474262127  0.26123813198706880  0.27221213098714253  0.28330079763721405
  0.29423761669777132  0.30505764005148966  0.31577372289848155  0.32668946436899432
  0.33766157592526302  0.34865402015369568  0.35956572675846471  0.37035403800173211
  0.38119813299166705  0.39196551468667928  0.40240813815442567  0.41250823079525450
  0.42278707154890910  0.43313065253812244  0.44351210937234076  0.45384935407943788
  0.46435236685131498  0.47494751590930340  0.48554119855303823  0.49612523468268788
  0.50676386690392639  0.51741287650209333  0.52799077209908207  0.53867013726267388
  0.54916788689361773  0.55975474109731183  0.57030074364497629  0.58082318349953521
  0.59119306041996755  0.60149828464130650  0.61185097286881607  0.62223259304744161
  0.63245261035976497  0.64262728578072192  0.65283037681229006  0.66303103339931202
  0.67349131618125224  0.68393111868650780  0.69454536156236746  0.70511167369360928
  0.71577536311082290  0.72642136166741922  0.73691606514710761  0.74730122315090031
  0.75779731783586268  0.76845097331779344  0.77910015342654826  0.78986390338248991
  0.80044485367334306  0.81111515730840156  0.82142440169550845  0.83188218149779347
  0.84252761287291356  0.85321340912050281  0.86399575535037609  0.87467529632620333
  0.88562617847253211  0.89646584067509005  0.90716536377060852  0.91781842146510306
  0.92833073656715903  0.93855988562850390  0.94892384356343218  0.95925919182759301
  0.96962881442975091  0.97988262258915004  0.98997665047408034  1.00000000000000000
 -0.00406772925167804  0.02475357658343007  0.04522437600575123  0.06231487481159090
  0.07795246760560302  0.09251159791627496  0.10614500135248750  0.11898992169196607
  0.13130950961634746  0.14315280751970991  0.15481416305214390  0.16613742093241465
  0.17727878433846356  0.18816440193805836  0.19881300222332515  0.20915038522339760
  0.21919326004036624  0.22905188732232332  0.23869971697676573  0.24821614270985176
  0.25753248828595099  0.26682266695458273  0.27598055001680649  0.28505974605016621
  0.29401332083006698  0.30285162552758643  0.31171300464863960  0.32038716016501806
  0.32898726556265756  0.33743441714812950  0.34579660336350310  0.35410255731892953
  0.36225570708833610  0.37038727756070178  0.37853542876622837  0.38664421133852145
  0.39471860198051067  0.40262373125568851  0.41040058425751225  0.41814292737413949
  0.42596345937709085  0.43385483547541326  0.44176680468403412  0.44960055451969400
  0.45740351093412795  0.46511407305907720  0.47285759164582358  0.48063045793224890
  0.48846688276896977  0.49629519381513942  0.50402870459227933  0.51167200252687994
  0.51933697229199405  0.52707676040117057  0.53495655958922017  0.54294899574940081
  0.55095161061980769  0.55889361919925806  0.56674379777008099  0.57468143959633833
  0.58258611198927457  0.59052048093505283  0.59837324155887595  0.60626915627464062
  0.61429927272045493  0.62232440415132628  0.63053880948959651  0.63888696636834497
  0.64741353871113594  0.65637323799642244  0.66538176277233751  0.67420517901654842
  0.68298825723140844  0.69182190227470985  0.70082299241347745  0.70988006731925024
  0.71894910758615427  0.72817440605161465  0.73755551891821802  0.74705125690738083
  0.75669047806489731  0.76660386922101476  0.77686169851054643  0.78737995389261883
  0.79808722543909183  0.80899294464945537  0.82017547623959475  0.83176080612391856
  0.84393269909814905  0.85662035570888528  0.87027513391908728  0.88538628777953909
  0.90290617449256605  0.92370346379900070  0.95183144656260565  1.00000000000000000
 -0.01907012009468103  0.10983975876264632  0.14526016836479383  0.16761982663204553
  0.18519637822544921  0.20024099560407155  0.21355049120203279  0.22557931433383188
  0.23668687730590088  0.24715295113135288  0.25699916869743211  0.26636507942441090
  0.27531084900885416  0.28398424236926578  0.29235871720302475  0.30036563376481917
  0.30809992560852834  0.31558972122482015  0.32293928008846945  0.33015219157113807
  0.33715412928047261  0.34397719195424625  0.35071818595709620  0.35734160523593078
  0.36383436142931225  0.37027600512144410  0.37668944994483722  0.38305066925796261
  0.38935318311950712  0.39555527987101291  0.40160175519625652  0.40753270263397023
  0.41345594547390385  0.41932266599587781  0.42520564334800515  0.43110157173510832
  0.43690779550347097  0.44260106110545205  0.44815913664478052  0.45369031271223947
  0.45918949339617798  0.46470363523338226  0.47028393033368093  0.47588127398979835
  0.48150258077360047  0.48710859486191771  0.49270514943740251  0.49826034942656300
  0.50386872956582074  0.50941908459856777  0.51496091004245492  0.52048725582019817
  0.52603158907682235  0.53162723477847063  0.53724688075013904  0.54287255292104253
  0.54852043770349856  0.55416885750605316  0.55989240879144930  0.56558966990632253
  0.57128308021048868  0.57697022190803693  0.58272339781982707  0.58853368495947833
  0.59439183121416117  0.60022383912448707  0.60617190008223942  0.61224238136656550
  0.61838711149877268  0.62460461514654297  0.63096038846567215  0.63743571593532156
  0.64397751943761672  0.65069722513246087  0.65755334957510736  0.66456718321219965
  0.67167598892354030  0.67887488508919780  0.68615928475217103  0.69373098360898267
  0.70147536639705621  0.70945799418231004  0.71774438478982294  0.72634000087308592
  0.73531879910255959  0.74474371255147864  0.75449213476096166  0.76470339211648897
  0.77563831969600705  0.78753680054670006  0.80058032441418991  0.81531185840695974
  0.83276491591504476  0.85500171396406099  0.89107560367315763  1.00000000000000000
   2.3724317216992996E-003  -1.0000000000000000     
 F F F F F F F F F F F F F F F F F F F F F F F F F F F F F F F F
  <DiscreteSampler_grid>
  grouped_processes
  1 # 1 for a reference and 2 for a running grid.
  10 # Attribute 'min_bin_probing_points' of the grid.
  1 # Attribute 'grid_mode' of the grid. 1=='default',2=='initialization'
  0.0000000000000000 # Attribute 'small_contrib_threshold' of the grid.
  0.5000000000000000 # Attribute 'damping_power' of the grid.
 # binID   n_entries weight   weight_sqr   abs_weight
    10   10   1.566864846922421E+008   3.733274709809037E+016   1.566864846922421E+008
    16   10   1.566864846922421E+008   3.733274709809037E+016   1.566864846922421E+008
  </DiscreteSampler_grid>
