  0.00000439264748220  0.00001008849058907  0.00001503447097725  0.00001963560852063
  0.00002398310902291  0.00002817682459168  0.00003249364466012  0.00003712197875691
  0.00004189006511035  0.00004660222195451  0.00005137636273880  0.00005618995070369
  0.00006105823291593  0.00006601895850239  0.00007109099604625  0.00007625335908583
  0.00008149688164699  0.00008686560576191  0.00009239497625669  0.00009809944356724
  0.00010396290166325  0.00010995000092330  0.00011606804129271  0.00012231357422205
  0.00012868534378550  0.00013515569904225  0.00014167278828577  0.00014823398416386
  0.00015492369534446  0.00016163811181270  0.00016841382622200  0.00017535010967492
  0.00018249520582833  0.00018975498203452  0.00019734579063547  0.00020514689644509
  0.00021316565921167  0.00022147565764091  0.00023010520249168  0.00023907439613062
  0.00024843386496465  0.00025818123590327  0.00026823412330001  0.00027872370761181
  0.00028943237278955  0.00030055578518287  0.00031230353229906  0.00032421831681639
  0.00033718871569284  0.00035030851195232  0.00036430278632545  0.00037894302547380
  0.00039438664745790  0.00041064277518274  0.00042754976379402  0.00044527163636413
  0.00046391569092298  0.00048364509086770  0.00050465277127685  0.00052683646346408
  0.00055026285971570  0.00057514836527616  0.00060166988069897  0.00062994000054064
  0.00065994153836628  0.00069202873758720  0.00072617498785627  0.00076260641335279
  0.00080193419798348  0.00084497405076544  0.00089331482002589  0.00094603069484495
  0.00100326222322851  0.00106413102653479  0.00112971814201820  0.00120275649782382
  0.00128362575647125  0.00137834240761453  0.00148428599942941  0.00160041479567609
  0.00173227564420745  0.00188373240030950  0.00206007870264480  0.00226735556195581
  0.00252002981793027  0.00281655669741680  0.00315781391576021  0.00358902280064246
  0.00419137735005547  0.00502112996565395  0.00617511170112616  0.00821977861304779
  0.01135395285825669  0.01776176154459654  0.09670460495886790  1.00000000000000000
 -0.00236357622786544  0.00919295484926968  0.01910652895297043  0.02982468368276066
  0.04045742649177239  0.05116631248558545  0.06165196535010020  0.07243362433727603
  0.08312805815778862  0.09411903058893134  0.10494946543184602  0.11576293329574885
  0.12632011542397967  0.13705521846300436  0.14774351193962923  0.15825946228391158
  0.16882501025799485  0.17932222621698735  0.18991015137296019  0.20047783401217512
  0.21097262220123011  0.22127970122113874  0.23156537316951978  0.24182596416786142
  0.25232666670566201  0.26277843456069411  0.27321997732615566  0.28354726069336561
  0.29406164469848817  0.30484115659117761  0.31566450828338743  0.32649352785696389
  0.33736095280713346  0.34832903923715269  0.35903736968809075  0.36955843632173946
  0.38009571422016647  0.39061431486744530  0.40113561314235530  0.41176414186964205
  0.42248593338047524  0.43318321923055886  0.44383170400932376  0.45440784173455162
  0.46502165480229651  0.47574705945439832  0.48657525358708154  0.49747729199567609
  0.50833029143862707  0.51923577325074410  0.53023385794232325  0.54126977410270483
  0.55211883271112916  0.56280338486190118  0.57332195843721878  0.58378711720172549
  0.59426926840245065  0.60467593840319334  0.61508601439962207  0.62534958385950468
  0.63550182952512768  0.64558587645003573  0.65565060535952002  0.66575881943323967
  0.67603799374951723  0.68651888301599273  0.69736765925973176  0.70820282020587089
  0.71868717290969208  0.72887809286656358  0.73909840497606683  0.74939250201022467
  0.75963886690535776  0.76991711493720938  0.78044065927350592  0.79095153955605391
  0.80159583944361679  0.81196170335088902  0.82273786345164757  0.83340380548625737
  0.84428419227234341  0.85506357760142815  0.86562178296255499  0.87608426348194612
  0.88650929838964587  0.89672913306865976  0.90716412112787392  0.91758954734764064
  0.92819780537766172  0.93879517697694292  0.94908339690783117  0.95946754358662956
  0.96953377147564690  0.97966973565338200  0.98984772594313608  1.00000000000000000
 -0.00364563082129973  0.02463825148515938  0.04512029209622043  0.06234581643288557
  0.07789751090733259  0.09225269087785042  0.10582612312483028  0.11862967904242296
  0.13095250095782165  0.14278747179953066  0.15418802602670104  0.16530762752318243
  0.17618262114288394  0.18676743041716842  0.19696756997786491  0.20686589962332694
  0.21659771820573498  0.22622980820274219  0.23595965985414918  0.24551701019001365
  0.25491067293684477  0.26417799630291355  0.27338900687589718  0.28244908556495157
  0.29135614891814637  0.30011537247792031  0.30883512257528711  0.31754771787253078
  0.32614673106540804  0.33467774196647776  0.34321929302232046  0.35167140259927909
  0.36009442429184640  0.36847285235141314  0.37674779007070924  0.38501171096537207
  0.39321636041505564  0.40130853094296276  0.40929698273017057  0.41733377176429826
  0.42527930095013983  0.43319084880157210  0.44100295046322668  0.44863468673088458
  0.45627348861973183  0.46415028140487158  0.47217670850171417  0.48019565570931405
  0.48813438505247836  0.49594926451792520  0.50366983711579216  0.51138343345049597
  0.51913765619459618  0.52697495241656822  0.53486422198295946  0.54271443079271708
  0.55054353546110890  0.55842053064120711  0.56636197256031939  0.57437707877645816
  0.58232502820317456  0.59020337072105233  0.59816187705277946  0.60629831733722905
  0.61457396888184290  0.62290155599725017  0.63113334171982027  0.63938335775647159
  0.64760042600645451  0.65590270443187160  0.66416306294943894  0.67271251536617627
  0.68122572631864864  0.68984141241096975  0.69852101293708724  0.70732542152585598
  0.71629775812656782  0.72544896386652824  0.73473665384778641  0.74417313682691344
  0.75385110031536851  0.76388276876235528  0.77422589810410158  0.78462699411588421
  0.79525425076278788  0.80614104020960242  0.81772261837373228  0.82979098421259767
  0.84288614599431100  0.85651756474393259  0.87076922054128680  0.88606326222438014
  0.90305209011644816  0.92347354187603614  0.95172772896633362  1.00000000000000000
 -0.01844609530379218  0.11015662853896940  0.14607508265395494  0.16846192240638658
  0.18565076043851264  0.20037121571166727  0.21337000451429436  0.22512512943967924
  0.23608177966493235  0.24650084767759020  0.25634531115129655  0.26572577735843561
  0.27468071891348728  0.28325026338026588  0.29157514370595916  0.29959727241649470
  0.30748359328993718  0.31514426670932288  0.32255377890132919  0.32983949847021526
  0.33695763891055058  0.34391745315321093  0.35085265702711149  0.35744583491132265
  0.36382664992913982  0.37013623762379705  0.37635883052034702  0.38248616024579318
  0.38855411910222087  0.39455747242782846  0.40044084993435775  0.40621198311512247
  0.41191285483446693  0.41754791951467030  0.42326525198602249  0.42900922550108872
  0.43476267540868707  0.44050310209575472  0.44625029713807784  0.45195242937967017
  0.45764435249441388  0.46328139827020309  0.46890717915387720  0.47453722548188620
  0.48011874456416198  0.48566589743826477  0.49113719459020394  0.49662853698405751
  0.50215629886454594  0.50765883014659285  0.51319455392915747  0.51873942259319727
  0.52435653178950525  0.53004341532554333  0.53577824255999840  0.54152014962786665
  0.54722964890024250  0.55291817448332858  0.55863320199915456  0.56439350758018092
  0.57020484852264519  0.57603482735560063  0.58185025443779481  0.58768524444639192
  0.59356569679458182  0.59949808685267236  0.60556084441741609  0.61169689012994422
  0.61783531693561700  0.62401225059795695  0.63029134333767889  0.63669476781890721
  0.64320378373940867  0.64981568075896301  0.65651380116889946  0.66325558642222460
  0.67017712534729246  0.67733555311803251  0.68463800013025855  0.69230609315408620
  0.70022560706168169  0.70841943827606102  0.71699484942206049  0.72578837881946501
  0.73470460460616338  0.74392420519588398  0.75370415857462325  0.76417189917204298
  0.77530002124793307  0.78727219006284876  0.80043542669472345  0.81543120689219384
  0.83315064057420996  0.85546420385651523  0.89093247036484025  1.00000000000000000
   2.3780289430746287E-003  -1.0000000000000000     
 F F F F F F F F F F F F F F F F F F F F F F F F F F F F F F F F
  <DiscreteSampler_grid>
  grouped_processes
  1 # 1 for a reference and 2 for a running grid.
  10 # Attribute 'min_bin_probing_points' of the grid.
  1 # Attribute 'grid_mode' of the grid. 1=='default',2=='initialization'
  0.0000000000000000 # Attribute 'small_contrib_threshold' of the grid.
  0.5000000000000000 # Attribute 'damping_power' of the grid.
 # binID   n_entries weight   weight_sqr   abs_weight
    10   10   4.341696431588650E+008   1.009845450965655E+018   4.341696431588650E+008
    16   10   4.341696431588652E+008   1.009845450965656E+018   4.341696431588652E+008
  </DiscreteSampler_grid>
