 -0.00008661908337135  0.00078874406179551  0.00168980892648521  0.00300916734835746
  0.00467167458587168  0.00665135883399010  0.00903438532313014  0.01172412782562141
  0.01469217738954092  0.01809328934895739  0.02183839539571999  0.02588659633464299
  0.03017643227528654  0.03467937277476293  0.03964070230009175  0.04498428138582788
  0.05043354157088431  0.05608669942873337  0.06187734312983834  0.06786945506512801
  0.07412673115228126  0.08078378852499522  0.08767052312030583  0.09461315070338933
  0.10182436936101943  0.10922844339452474  0.11689793372846140  0.12473410814065236
  0.13277649965850180  0.14131970409266462  0.15021126552160521  0.15897519605697363
  0.16781707087677458  0.17712229063608986  0.18693868845071163  0.19701811021107699
  0.20708278286263679  0.21694275039069422  0.22661959902170559  0.23636201056372541
  0.24639300339323986  0.25680975417638019  0.26717999458436292  0.27764296474356154
  0.28863657605195270  0.29997298294065855  0.31205491038522348  0.32463508326971735
  0.33671023123123439  0.34945034142020215  0.36211716349571238  0.37460877117761715
  0.38736496172109991  0.40030916380465387  0.41318475354989875  0.42606232455102044
  0.43895210267948115  0.45189093570239253  0.46470989178428301  0.47811382264591534
  0.49162373101677526  0.50528869394452713  0.51925883802580564  0.53335384651979811
  0.54738564996417327  0.56141722525044135  0.57554075821387274  0.58965335718260314
  0.60411746580691827  0.61871821184146869  0.63351872469270520  0.64861912731178128
  0.66382435277991714  0.67938477709050238  0.69507983238887661  0.71081879829720584
  0.72654408057412778  0.74221093387792281  0.75764293392823068  0.77309521041194540
  0.78842458382675895  0.80352115745904229  0.81853746636334701  0.83323693629979623
  0.84771839551893213  0.86200735103122506  0.87613119894844516  0.89010698445462988
  0.90407952674194958  0.91801359500555579  0.93188739103338503  0.94567526876333619
  0.95949122100957429  0.97308143732026409  0.98654357430324069  1.00000000000000000
 -0.00163157409580510  0.00887903392991480  0.01813107272763387  0.02803438338691939
  0.03808655267824413  0.04805737658700040  0.05793992322799722  0.06811543506353737
  0.07861123089195556  0.08874174446476896  0.09856476246011700  0.10853902178415095
  0.11921637644893156  0.12957762024180922  0.13950717561925474  0.14995438190766441
  0.16012381282798691  0.17007039523600126  0.17928028216151301  0.18920600574487845
  0.19906332472163307  0.20856366070128551  0.21754939484141461  0.22647908835807568
  0.23571974017347103  0.24543592079769036  0.25536853443253821  0.26563749062095626
  0.27603038853755174  0.28646595698854393  0.29706386511825200  0.30776845432945954
  0.31880221702097072  0.33014014277598092  0.34220670520645563  0.35445913731437023
  0.36561954047208978  0.37639811719663313  0.38729264003118369  0.39875496582726683
  0.40982782616335534  0.42067873452780324  0.43070062535674453  0.44103529947079223
  0.45153269471434804  0.46226428165013567  0.47342662462685314  0.48453263546238617
  0.49708442110922729  0.50797371010126680  0.51912925969871559  0.52952838394700319
  0.54021560599737584  0.55028961243000374  0.56033343444614403  0.57111560310740772
  0.58275846419838628  0.59417287150608189  0.60539765952998248  0.61729917599157358
  0.62894510063645603  0.64076364606298253  0.65239174086359897  0.66381359020553443
  0.67412325445867349  0.68412459622289168  0.69479527838930877  0.70562388391922937
  0.71612683928476428  0.72659734251899166  0.73751684955816044  0.74839291419297216
  0.75913653103699619  0.76969589234612223  0.78069188827830072  0.79212315030836478
  0.80471413529629576  0.81557581354145159  0.82510115509268656  0.83438930196011474
  0.84374025074226566  0.85331564599693022  0.86281606592783755  0.87187118938307873
  0.88259802330933412  0.89375349706068152  0.90445598474379041  0.91519404745088639
  0.92631535592671932  0.93766395722161011  0.94842722541251379  0.95905047007466682
  0.96902127545807704  0.97961528145433219  0.98993384280841479  1.00000000000000000
 -0.00209278210144026  0.01605986839518646  0.03092970946274575  0.04421100292242248
  0.05655319671717653  0.06852067150376243  0.08001446464231704  0.09068616021127859
  0.10071508104721577  0.11044909253340232  0.12002166060852087  0.12916780050294835
  0.13801492334988660  0.14654795730642026  0.15469260524078482  0.16288867312396627
  0.17095951572491050  0.17870604505735141  0.18633226209599907  0.19406053792386230
  0.20175428454169508  0.20954434707496711  0.21818645851087057  0.22679094815185682
  0.23510485510505894  0.24336732088957908  0.25143197164793879  0.25946035082882241
  0.26729505751280092  0.27513298165589273  0.28282287816173940  0.29023771110318558
  0.29737499266880491  0.30452692335921905  0.31204036132489316  0.31992774656063411
  0.32800327019110836  0.33557401130305281  0.34260084905981897  0.34972233393395308
  0.35722733868435885  0.36524841916853612  0.37331385262066480  0.38124820432927392
  0.38927318198391514  0.39737410397503836  0.40548615995788734  0.41345614025217609
  0.42147147738285634  0.42925808391783232  0.43726553988616507  0.44492209218840167
  0.45285162670991924  0.46054259794261421  0.46839450084391654  0.47610099294860986
  0.48463632489258618  0.49348695224377015  0.50203257696633152  0.51024080654034221
  0.51833960363126919  0.52671980160916965  0.53542232805743428  0.54426272677791920
  0.55311054052576569  0.56211695836538633  0.57149296655222037  0.58082775544978316
  0.58977358939349056  0.59868059825164432  0.60796183780453661  0.61787198315770087
  0.62795798613302389  0.63807296359498422  0.64832557737017604  0.65862845739861875
  0.66903078066640054  0.67977056572965133  0.69111400169673431  0.70294704891076143
  0.71477147960831977  0.72713749423401242  0.74004927610966942  0.75369848714679732
  0.76765943315428109  0.78140535154100543  0.79474523098873806  0.80814057575805043
  0.82205382495814994  0.83737055319596065  0.85411529039138745  0.87195660503209638
  0.89374071721075488  0.91866217182729848  0.94974697175426759  1.00000000000000000
 -0.01964721982951588  0.13055758510733931  0.17690053019279112  0.20617628356890355
  0.23141086636783367  0.25267545285602860  0.27114507922822972  0.28779352736065206
  0.30354847942671032  0.31786759901235528  0.33100491734732623  0.34442807664623626
  0.35735279938206682  0.36983219862175643  0.38190917640912575  0.39378804184249522
  0.40438051423845095  0.41468820274668389  0.42345299008403398  0.43236848109156423
  0.44079719996663608  0.44881262554151313  0.45654806413306337  0.46414200677272394
  0.47156833245184243  0.47898514367234951  0.48654391239588674  0.49409789148908689
  0.50136151408055962  0.50826313516707744  0.51515466029717283  0.52196678498751092
  0.52861962243592386  0.53526391001482521  0.54178082932855920  0.54820512267540344
  0.55437146463255682  0.56042232664708480  0.56664530186895501  0.57319250315073622
  0.57989688608421130  0.58660089517180780  0.59309259394412972  0.59943286112417415
  0.60547159143810636  0.61120341701841718  0.61692417247392806  0.62264959309415813
  0.62821484172252406  0.63345281168517975  0.63851332636984959  0.64361497730060935
  0.64880339306450974  0.65407556202287698  0.65941378035671905  0.66462051090180418
  0.66994465117455360  0.67539452778296993  0.68080778042635215  0.68625051922111679
  0.69179371219714703  0.69734841758639310  0.70283393946473738  0.70832242793213152
  0.71393716627723292  0.71981167679816882  0.72571264435806915  0.73130974431576823
  0.73673905845475263  0.74207650979726214  0.74732332599994433  0.75256380409123835
  0.75781720760332194  0.76298377992225919  0.76828354242243291  0.77367441340139120
  0.77909755450926310  0.78480044735620769  0.79032729764723053  0.79593343484389634
  0.80158644022470638  0.80737464293223504  0.81350275646304737  0.82014978973988817
  0.82726442755033458  0.83452686449469293  0.84242349858218046  0.85004288828324359
  0.85850617117842964  0.86791229278626369  0.87850666149729884  0.88965504279029750
  0.90203627435422318  0.91744311148142821  0.94116222828119722  1.00000000000000000
   1.5931119589005528E-003  -1.0000000000000000     
 F F F F F F F F F F F F F F F F F F F F F F F F F F F F F F F F
  <DiscreteSampler_grid>
  grouped_processes
  1 # 1 for a reference and 2 for a running grid.
  10 # Attribute 'min_bin_probing_points' of the grid.
  1 # Attribute 'grid_mode' of the grid. 1=='default',2=='initialization'
  0.0000000000000000 # Attribute 'small_contrib_threshold' of the grid.
  0.5000000000000000 # Attribute 'damping_power' of the grid.
 # binID   n_entries weight   weight_sqr   abs_weight
    10   10   3.410437180269191E+008   1.197325957073140E+017   3.410437180269191E+008
    11   10   3.410437180269191E+008   1.197325957073140E+017   3.410437180269191E+008
  </DiscreteSampler_grid>
