  0.04345289454155109  0.04919523478392497  0.05425312927039311  0.05923537347180784
  0.06446174112217061  0.06986154701305611  0.07528305814130991  0.08072711899293078
  0.08622963707586526  0.09177712098785977  0.09736590178333447  0.10300653509356449
  0.10874231204951511  0.11454813633239543  0.12035325324353657  0.12620497085426369
  0.13219765682139303  0.13828309672562111  0.14442344039965935  0.15067134876526811
  0.15700427185153520  0.16341036328789560  0.16994943298518159  0.17659194373871540
  0.18327232681784375  0.19002724492302575  0.19689441807035241  0.20380657662678847
  0.21074003646474390  0.21773280820679874  0.22476986315655642  0.23192995761913535
  0.23926361718706471  0.24672902519354686  0.25432869347981613  0.26196152130370132
  0.26967475516566464  0.27757546637242247  0.28561202710701944  0.29379408103053117
  0.30210591366402001  0.31050436802627090  0.31907523326639203  0.32779181655546219
  0.33664903763487608  0.34564541055002795  0.35473302222243258  0.36390964615252225
  0.37321069058278800  0.38273920653502130  0.39247156363479990  0.40238237714969216
  0.41249907909037692  0.42289510720643186  0.43349224249915957  0.44414400626250028
  0.45496931004053265  0.46606546103607477  0.47737333066088894  0.48897780423499598
  0.50085431767348909  0.51315860294218507  0.52560672393221830  0.53831127877223828
  0.55104693402307570  0.56382430625318758  0.57672328024202191  0.58983393697555053
  0.60321833505917510  0.61687951958218135  0.63081058433088144  0.64494901653490622
  0.65901503458585153  0.67319025694554790  0.68754036550692466  0.70205003998096460
  0.71674170274109350  0.73154726571641682  0.74638755051305727  0.76125418806275769
  0.77602485497077645  0.79079038613391039  0.80570537180760593  0.82066075361290203
  0.83531818823060244  0.84994378857119179  0.86445552212483701  0.87882423887527616
  0.89304581101195990  0.90714268576849544  0.92105368038588731  0.93475593776874677
  0.94811146405563662  0.95924509066602726  0.96663591646124547  1.00000000000000000
 -0.00233292453325300  0.00945900855050794  0.01969761651886677  0.03018836650848672
  0.04077274463026933  0.05138245377462321  0.06197995050627726  0.07235414853393159
  0.08272101830000972  0.09310981215427060  0.10354114230533695  0.11403334622215548
  0.12458709200155346  0.13515122454835315  0.14573384770314721  0.15630473509923143
  0.16705062689086095  0.17770637391936359  0.18836718587745949  0.19883692435922351
  0.20927288160240978  0.21978359047665649  0.23036872092857280  0.24098001598764532
  0.25149265205572857  0.26202717555755667  0.27267865761444754  0.28321073112527589
  0.29370720219231095  0.30411179831179186  0.31474279095949076  0.32531538996964293
  0.33593297734545413  0.34642683035966665  0.35686787885235005  0.36722194684173276
  0.37764601895240690  0.38821238938521435  0.39871557282134412  0.40907044454035379
  0.41935330180495944  0.42973282332244378  0.44023363990854142  0.45061352735964333
  0.46095761180953027  0.47138991519159645  0.48196710880667137  0.49268936636435479
  0.50340307938898066  0.51418161060237733  0.52499849691962042  0.53580168912034598
  0.54640660187811163  0.55682121872359336  0.56726009428277679  0.57785038958521739
  0.58833924514770386  0.59883581764343397  0.60946657066343968  0.62028365940024810
  0.63092259253390470  0.64143251934594192  0.65198204108907587  0.66252376077520680
  0.67298806372922104  0.68335610615414855  0.69363645314124400  0.70399592906142083
  0.71443141072630201  0.72496801697088076  0.73562017898456888  0.74621459484750818
  0.75672589975427063  0.76716752709932035  0.77767371567503252  0.78830946276307656
  0.79886445576575160  0.80947178062880287  0.82032620182035687  0.83119012389379143
  0.84201927095691875  0.85279188336631206  0.86340177711049515  0.87401204800974397
  0.88442697453684871  0.89491013537809616  0.90551673966190260  0.91613452735407186
  0.92674132039554724  0.93723281743343656  0.94757586915511816  0.95794894874061587
  0.96829779509038461  0.97875067066176313  0.98932891759188379  1.00000000000000000
  0.00046731140165167  0.00897561052217284  0.01817007311609052  0.02786290747278377
  0.03785164163597043  0.04799476541072282  0.05815577372896456  0.06847694205753777
  0.07877864570298060  0.08902174619887457  0.09919569388747440  0.10933780168644311
  0.11952257670986161  0.12970633596737896  0.14002790565486190  0.15043471113211099
  0.16087945274906873  0.17118701461815899  0.18147982227216852  0.19190603233945780
  0.20253260476048016  0.21316371460424302  0.22376439620166341  0.23432016821883930
  0.24473427960736377  0.25506507554448782  0.26532193269382576  0.27571858024227186
  0.28599408450911912  0.29645192700878914  0.30689202732015070  0.31724347137147957
  0.32755789890636439  0.33803900802215542  0.34869332000136727  0.35927935137999550
  0.36982544286770436  0.38034494059040286  0.39081902347356851  0.40129805799664980
  0.41181172158984758  0.42239546986548038  0.43297775614879253  0.44350359713243370
  0.45394861717203594  0.46438665173032700  0.47486001172853415  0.48537657412476437
  0.49589873825534658  0.50636528630574995  0.51666905558961629  0.52692446523864411
  0.53714085731089845  0.54742522507586000  0.55783685248782044  0.56829579523899520
  0.57874108608264663  0.58910785627972417  0.59949431714440116  0.61002101884059989
  0.62066837960634758  0.63143266001795950  0.64211555201522941  0.65266919833600623
  0.66317191625291594  0.67377352644776733  0.68444788228783371  0.69514238771967918
  0.70581197079186797  0.71647470426005921  0.72712378225138297  0.73772585548736802
  0.74825148962055377  0.75868863752965743  0.76907152977313797  0.77942996216655325
  0.78985394492096184  0.80027262306377522  0.81072066206361593  0.82117115913690930
  0.83162862179111963  0.84219385499498078  0.85286441569780669  0.86369807937283871
  0.87451918951994767  0.88543818795148499  0.89632575546037829  0.90727392174619026
  0.91812410177970361  0.92902199122418427  0.94003182437039079  0.95109157503619246
  0.96235469506204452  0.97373659747604380  0.98638602771067130  1.00000000000000000
 -0.01567052358215465  0.10481702255377059  0.14611304645461956  0.17255468397575893
  0.19400367579461819  0.21282349089088376  0.22969330704721874  0.24514666040717964
  0.25941039539060423  0.27287887863315857  0.28557225270051589  0.29778539180307062
  0.30944330262620845  0.32076096352444422  0.33171062370457510  0.34234142056187261
  0.35271523066410604  0.36285519740827299  0.37277074518364656  0.38249741995542319
  0.39205093408483876  0.40140768843147379  0.41053725463320051  0.41953896416812270
  0.42848324327342519  0.43740408313150814  0.44627812546364859  0.45502829823347835
  0.46361954106444514  0.47206929470352627  0.48043677213914104  0.48874663615970060
  0.49701205637523538  0.50522065028688257  0.51334404512418241  0.52136563933989299
  0.52928378596348657  0.53715358653150669  0.54504552475199308  0.55292580227140953
  0.56076630493817503  0.56854713237622823  0.57628342358208562  0.58397167687439555
  0.59153266273508420  0.59902885017731089  0.60641682658766072  0.61361589734750865
  0.62086755894065770  0.62808106360151561  0.63528923351493405  0.64239756290138783
  0.64938867200214345  0.65628423256310842  0.66312881496495168  0.66990581519519532
  0.67658982959661618  0.68320644961460530  0.68976413315860785  0.69626471425228897
  0.70276897855157550  0.70924487869991182  0.71560945519703667  0.72196141659393065
  0.72825733018280525  0.73448478126982064  0.74069641196907765  0.74683728993757403
  0.75293771028669065  0.75899084280326623  0.76503330130921365  0.77107907315486635
  0.77710013240985876  0.78308258590719382  0.78903487400457373  0.79495185115784583
  0.80086195349275113  0.80684014844666219  0.81284150347392126  0.81889383091320811
  0.82496404807467527  0.83108127944685872  0.83729893559889523  0.84362702155726432
  0.85002266686232808  0.85665780069960318  0.86356533169107219  0.87066739342059030
  0.87823677861005789  0.88644697266362182  0.89535984210358677  0.90543068685261674
  0.91697298142549621  0.93153627038081166  0.95357087916881766  1.00000000000000000
   2.3836624454274809E-002  -1.0000000000000000     
 F F F F F F F F F F F F F F F F F F F F F F F F F F F F F F F F
  <DiscreteSampler_grid>
  grouped_processes
  1 # 1 for a reference and 2 for a running grid.
  10 # Attribute 'min_bin_probing_points' of the grid.
  1 # Attribute 'grid_mode' of the grid. 1=='default',2=='initialization'
  0.0000000000000000 # Attribute 'small_contrib_threshold' of the grid.
  0.5000000000000000 # Attribute 'damping_power' of the grid.
 # binID   n_entries weight   weight_sqr   abs_weight
    13   10   4.738001453333925E+008   3.435008208989452E+017   4.738001453333925E+008
    14   10   4.738001453333925E+008   3.435008208989452E+017   4.738001453333925E+008
    16   10   5.626267694408619E+008   5.057851856795276E+017   5.626267694408619E+008
    17   10   5.626267694408619E+008   5.057851856795276E+017   5.626267694408619E+008
  </DiscreteSampler_grid>
