  0.01128512671818303  0.01710697504630807  0.02480295634931312  0.03463821550910694
  0.04425494421037658  0.05400743891629563  0.06388175413233020  0.07388590181578712
  0.08397625637583533  0.09419481410583672  0.10452492947428518  0.11492019046613328
  0.12545670591524014  0.13616560268584227  0.14707159991323560  0.15810578202254860
  0.16929127636178723  0.18066473500999353  0.19209259598031869  0.20356922108137121
  0.21515130060495646  0.22688870586732646  0.23867036624881985  0.25058360130418456
  0.26270543575265959  0.27500509696893832  0.28735054846445324  0.29976668423845904
  0.31223384806204935  0.32474684939860471  0.33732459184460195  0.35001081969104197
  0.36274467929613202  0.37552513464348725  0.38825719715309320  0.40104173091509393
  0.41383588056902199  0.42668415252395969  0.43952613524607148  0.45236378959686652
  0.46516328225924780  0.47789573979512590  0.49054360865772406  0.50311577067469093
  0.51557886724134849  0.52786834984550768  0.54002473234977511  0.55208369012370462
  0.56406291511477169  0.57597517571694967  0.58776533803699105  0.59943372826668972
  0.61107586934308356  0.62262273799047674  0.63397250873197775  0.64515719198811761
  0.65622935328760146  0.66720589319102763  0.67804057435587628  0.68875847851958016
  0.69935098135139317  0.70983430471258480  0.72022303081833638  0.73049793293778631
  0.74060170358785060  0.75055959558264007  0.76031733723359196  0.76997550440347673
  0.77949061947939990  0.78889233786224999  0.79815947815723720  0.80735268791158576
  0.81645899297856350  0.82546366741344468  0.83432160529125754  0.84304486199491180
  0.85166205963900132  0.86015213642221322  0.86855549313350344  0.87689076922077980
  0.88511100978388479  0.89325720609788439  0.90126344685186832  0.90921913047067393
  0.91710682307391167  0.92490225780167912  0.93261910792082581  0.94025130771416787
  0.94778942977485325  0.95524376117364718  0.96261702339022415  0.96992855725169602
  0.97720283132429797  0.98421077193675965  0.98947422756258718  1.00000000000000000
 -0.00246539253645139  0.00958321492159810  0.01982481380348047  0.03041255310568818
  0.04101637816164180  0.05160707613233602  0.06209272653281759  0.07259731037267463
  0.08312413019263667  0.09371090210581248  0.10428224711675682  0.11486018412658076
  0.12548555379903767  0.13609310050635109  0.14669437449768261  0.15727827691212298
  0.16788459245824228  0.17852706254960993  0.18918130949426368  0.19976970278540510
  0.21034739978926692  0.22087385156569256  0.23136290139851154  0.24184423754687021
  0.25228864606168827  0.26281637850593542  0.27330698439851903  0.28378003802313984
  0.29420858960250973  0.30465932216807501  0.31516373654778190  0.32561411208259194
  0.33607957895518215  0.34653216513217278  0.35700747515174597  0.36751901610233073
  0.37805569827193969  0.38871292178877953  0.39935123467108735  0.41003535236495864
  0.42063846165083435  0.43117265834488422  0.44169194407548718  0.45225160058834923
  0.46278209246461316  0.47331488289670354  0.48380711778098312  0.49435749086557934
  0.50495564432890783  0.51552217485652307  0.52613778699758951  0.53673131000154783
  0.54736802772569626  0.55798782452011786  0.56863261837015222  0.57926066536560095
  0.58981580259425304  0.60025038768370098  0.61072878661124574  0.62122549937119864
  0.63177396373950356  0.64238318862632615  0.65295773084260522  0.66343877878749702
  0.67390276631639945  0.68435912839600099  0.69487456459583219  0.70533248441822638
  0.71587187726377943  0.72640474618273820  0.73690070314765754  0.74735294745437775
  0.75781979286618062  0.76836942200867608  0.77894338628628768  0.78954099569363445
  0.80005042518101466  0.81050510717513724  0.82093069746061886  0.83135497218715859
  0.84193273096866372  0.85246528109493569  0.86298442484896121  0.87350655567508861
  0.88407906543582704  0.89469030893155443  0.90523686687369631  0.91577041913342860
  0.92634072058935035  0.93681742303676507  0.94742768809973688  0.95796109649278927
  0.96851220076837075  0.97896933598687830  0.98948878572432908  1.00000000000000000
 -0.00120453698446789  0.00757205885004946  0.01607325716272770  0.02529404864146418
  0.03490783877035526  0.04476140711667764  0.05471801718812660  0.06469466282645339
  0.07473940220827581  0.08485552241952196  0.09507692611180532  0.10538288892782012
  0.11579721020681669  0.12625987857161747  0.13672780687341038  0.14720361560700332
  0.15770524447282583  0.16819312807014128  0.17859594910761137  0.18898640869478636
  0.19936123229519190  0.20976488587502626  0.22019387592544146  0.23067471203290926
  0.24121335842438188  0.25170180634611911  0.26216302273507530  0.27258772388927904
  0.28299601328321483  0.29339746505289332  0.30382472509086889  0.31429343018635109
  0.32475771229413064  0.33523211124265989  0.34574045429376316  0.35625952255721727
  0.36677859751115471  0.37729662040521494  0.38788083380584959  0.39848252578508764
  0.40907320823919319  0.41963186352572890  0.43018740893208041  0.44075577206512112
  0.45135671569074948  0.46198984044859115  0.47267344706904163  0.48332649941486083
  0.49388580372444313  0.50434879651685738  0.51476476967300799  0.52520507058617971
  0.53570984930489007  0.54630582654253035  0.55700901438143169  0.56771665525576609
  0.57839936631657196  0.58900787421529466  0.59951836223540966  0.60997610043262662
  0.62043498855551482  0.63098722128500140  0.64158263980612296  0.65220020445268168
  0.66287135129568064  0.67357747234591281  0.68426468205927227  0.69485889696512271
  0.70536718596577819  0.71590625506313443  0.72655148766388389  0.73728494206807593
  0.74799605050621254  0.75861609379212080  0.76921515469793589  0.77981523841961309
  0.79045971882218380  0.80108513485893718  0.81172225311100499  0.82235387494811230
  0.83301749833078920  0.84369694417612184  0.85437987722924824  0.86511690921432816
  0.87587242579056301  0.88665003758071126  0.89747543846434097  0.90834819790139532
  0.91923671941514395  0.93007455625964019  0.94097277891929265  0.95197510519109174
  0.96319130598641001  0.97464565679263915  0.98699279183873445  1.00000000000000000
  0.25129435201222800  0.25984573601249616  0.26952250833094699  0.27878158253606644
  0.28765484815838654  0.29614215820485207  0.30427458180360056  0.31217339550015449
  0.31970570186768704  0.32703389932402027  0.33418845392450192  0.34112122004867240
  0.34798300256263442  0.35472887518308177  0.36124980278406121  0.36763731065934180
  0.37392866115666329  0.38008112149518875  0.38615747461344235  0.39219023255260144
  0.39813056274751440  0.40395524317826892  0.40972472025908457  0.41541226869892928
  0.42100927800251264  0.42655890843784011  0.43210137038108487  0.43760103234880554
  0.44301957715440754  0.44842680905974147  0.45382758598734696  0.45921330993170201
  0.46453173020532207  0.46981441787547668  0.47505201332665342  0.48023926873704154
  0.48536761446117199  0.49048238153021545  0.49558330962872138  0.50066072966969233
  0.50569830129561399  0.51070497253662339  0.51570348844998193  0.52068012421783472
  0.52561499410315016  0.53051587636262765  0.53540339093926204  0.54027547698266853
  0.54510903580690095  0.54989199242495934  0.55465728155651695  0.55939347605781353
  0.56411595400487113  0.56881949614989480  0.57352887783563877  0.57822534012766214
  0.58290658154640085  0.58755457313000481  0.59218426597115015  0.59679570019820971
  0.60138613482528913  0.60596528960202778  0.61053784292888391  0.61510225489289139
  0.61964971394358970  0.62418070456090080  0.62867950889108859  0.63316948441626908
  0.63764741794376556  0.64211738498729543  0.64658147443031777  0.65104828977297391
  0.65550883345391686  0.65995819191919536  0.66440233668202386  0.66883711099370691
  0.67326820052474667  0.67769528162484838  0.68211153356240029  0.68652773692765834
  0.69094664316413346  0.69537022550195382  0.69980142932287392  0.70423372805863116
  0.70866642124538237  0.71311825821158625  0.71754977183386803  0.72197814913707370
  0.72641003432264251  0.73076063704224437  0.73506163567670224  0.73933400095613067
  0.74381062906400686  0.74781914741487410  0.74916704623886310  1.00000000000000000
   4.7185418850774295E-003  -1.0000000000000000     
 F F F F F F F F F F F F F F F F F F F F F F F F F F F F F F F F
  <DiscreteSampler_grid>
  grouped_processes
  1 # 1 for a reference and 2 for a running grid.
  10 # Attribute 'min_bin_probing_points' of the grid.
  1 # Attribute 'grid_mode' of the grid. 1=='default',2=='initialization'
  0.0000000000000000 # Attribute 'small_contrib_threshold' of the grid.
  0.5000000000000000 # Attribute 'damping_power' of the grid.
 # binID   n_entries weight   weight_sqr   abs_weight
    13   10   1.303889917783354E+008   3.601900374871786E+016   1.303889917783354E+008
    14   10   1.303889917783354E+008   3.601900374871786E+016   1.303889917783354E+008
    16   10   1.638012832131777E+008   5.682593529833690E+016   1.638012832131777E+008
    17   10   1.638012832131777E+008   5.682593529833688E+016   1.638012832131777E+008
  </DiscreteSampler_grid>
