  0.00000239225225479  0.00000242958418761  0.00000245997921455  0.00000247984304082
  0.00000250396994824  0.00000252911144516  0.00000255520909280  0.00000258234224960
  0.00000261025361271  0.00000263911346774  0.00000266861044340  0.00000269867957902
  0.00000272903906289  0.00000276073987462  0.00000279656801277  0.00000283357591374
  0.00000287140971704  0.00000291008917431  0.00000294959871014  0.00000299026065573
  0.00000303240221410  0.00000307527290195  0.00000311857754396  0.00000316110021250
  0.00000321149369767  0.00000326669371634  0.00000332454040948  0.00000338457233265
  0.00000344640026488  0.00000351014333253  0.00000357524733531  0.00000364061581971
  0.00000371030968395  0.00000378661847191  0.00000386709780847  0.00000394971307417
  0.00000403458763064  0.00000412029952050  0.00000420738297795  0.00000429846319852
  0.00000439700386486  0.00000450439859683  0.00000461597135909  0.00000472984427116
  0.00000484662012341  0.00000497061903212  0.00000510325151920  0.00000524516314014
  0.00000539373380720  0.00000554460253288  0.00000569913852976  0.00000586559860893
  0.00000604539514843  0.00000623759016654  0.00000643666495182  0.00000663993206107
  0.00000686538771666  0.00000711267250973  0.00000737068139821  0.00000763842186797
  0.00000792800697510  0.00000825426782141  0.00000860906878631  0.00000897782206302
  0.00000938346839046  0.00000982893772509  0.00001030240316591  0.00001082123006111
  0.00001140975173163  0.00001204415747954  0.00001273198886175  0.00001348970988885
  0.00001428939430912  0.00001521582870263  0.00001620674540888  0.00001738261376278
  0.00001870854445532  0.00002021486295631  0.00002193328720507  0.00002391801081428
  0.00002629415356091  0.00002908885719379  0.00003239299135409  0.00003647276977678
  0.00004122741291086  0.00004696086649553  0.00005461739385628  0.00006547133856999
  0.00008044279654132  0.00010163987208052  0.00012973945310522  0.00017087218867846
  0.00025964954441232  0.00049273601470300  0.00257912457318128  1.00000000000000000
 -0.00226061641433610  0.00931739258339646  0.01886290586234310  0.02899732445001062
  0.03912519645300667  0.04945602722344486  0.05957451888499585  0.06975715188544634
  0.08007331812776035  0.09026214685280962  0.10071828311198903  0.11089024455611213
  0.12131158086949205  0.13186501351905339  0.14231020714592388  0.15281081204564159
  0.16343062127080080  0.17448803390200476  0.18539837314031629  0.19600849320714167
  0.20658441454130638  0.21718819617250604  0.22813663035651310  0.23862865000851907
  0.24906446344394856  0.25945670455364866  0.27019855032875384  0.28120522070128301
  0.29230040506343713  0.30337866894640914  0.31457193175688924  0.32550562411923223
  0.33636674206053785  0.34702829080009412  0.35779697402339972  0.36824089990948061
  0.37844190792264742  0.38872430193159457  0.39901140638311205  0.40966264264883762
  0.42023643783513914  0.43084045133552701  0.44145183764778717  0.45197139158967004
  0.46264356582800836  0.47314153225051836  0.48381982227597259  0.49448940244567191
  0.50503963341335356  0.51549875268107870  0.52580806695125382  0.53634530368909650
  0.54696525684335007  0.55803140442897481  0.56910831798621442  0.57977623226877484
  0.59017518540443692  0.60041388040619992  0.61042714378035579  0.62037567245590020
  0.63034916834134758  0.64046106824468696  0.65048161365486168  0.66064435211536610
  0.67101455202000138  0.68167956528128137  0.69221327845785230  0.70306531553264817
  0.71376778968908472  0.72469900535526444  0.73575166030325423  0.74704974141891478
  0.75785452407083620  0.76839333024078726  0.77873220953577027  0.78926727636607341
  0.79949307122675506  0.80970364345413159  0.81989018330129138  0.83022172088502399
  0.84079745927616345  0.85168766732411627  0.86271461835739804  0.87348221713163610
  0.88395382424638369  0.89451647494794928  0.90507451988743570  0.91590619414482677
  0.92663217862609748  0.93733411176180126  0.94778215510432828  0.95838511785788272
  0.96891499385835711  0.97952335937579793  0.98975077398307809  1.00000000000000000
  0.00189747086596165  0.01524497902983663  0.02948918252067436  0.04377177117809192
  0.05771987560365783  0.07140899938605401  0.08508660351537949  0.09882283834523370
  0.11239395516568891  0.12585498038031726  0.13940810837124273  0.15267334208775743
  0.16557186495234361  0.17859221861507923  0.19171101916072988  0.20491159577773199
  0.21799163141963115  0.23108060521806859  0.24410494678211850  0.25717789628714938
  0.27020577467506673  0.28313766977788118  0.29576731534043210  0.30800857726830777
  0.32021592915767111  0.33240000271403264  0.34448397158712746  0.35647769738910490
  0.36851336660639955  0.38062944606082716  0.39268356620193723  0.40454481162932676
  0.41621407214980533  0.42787730885372693  0.43971402985521396  0.45181127248276615
  0.46392537081946145  0.47594959530291248  0.48763800271452457  0.49927933245133610
  0.51064780497139084  0.52212877817703629  0.53337563288236978  0.54469551019629625
  0.55572908546420374  0.56654100726915901  0.57719538128410586  0.58801896737066794
  0.59909027801583170  0.61005426862726553  0.62094776494971182  0.63170502541283347
  0.64221487852674330  0.65253244561294865  0.66267114886757539  0.67282016166337155
  0.68290170318645571  0.69293510113795775  0.70305914696670857  0.71294296780150268
  0.72287621156497550  0.73245998709721349  0.74211314734075717  0.75157285346679648
  0.76108196008883400  0.77057061743874611  0.77994780008851716  0.78931470525132963
  0.79832222422511756  0.80722026009817127  0.81586817201479822  0.82436721077678732
  0.83285380012428112  0.84130944753066828  0.84969385579543399  0.85797838770140367
  0.86619720571408632  0.87434681731984831  0.88241940290198528  0.89041926741510979
  0.89822436535982697  0.90583044398307122  0.91343471904098050  0.92085579249528560
  0.92809569883104281  0.93516158328644339  0.94192525602712407  0.94859357200019367
  0.95522796212051386  0.96181301622991555  0.96830283632904701  0.97463784999466829
  0.98085573405863324  0.98711608349566304  0.99356566800685786  1.00000000000000000
 -0.00803161928633827  0.09158891375312588  0.12473833454577006  0.14637914652887085
  0.16375435568622815  0.17887964670912590  0.19258044192799487  0.20505363165974250
  0.21670781420533669  0.22763970037268708  0.23793947187930753  0.24781119107660773
  0.25735180038735156  0.26658631301181934  0.27534844754472820  0.28383866163991678
  0.29207828570481437  0.29981962177620353  0.30721948793583709  0.31445269845408574
  0.32163184181297894  0.32884509152139474  0.33597091022373154  0.34291449556281617
  0.34975925580910011  0.35663162076733806  0.36356453891317686  0.37052899299074887
  0.37738931925094510  0.38403430128380328  0.39068562625179226  0.39722129959853814
  0.40360597589560532  0.40990876853373936  0.41615691069515248  0.42238164501855258
  0.42860786098490905  0.43473940483650608  0.44082214302548034  0.44688624996098297
  0.45295954779146619  0.45900824994864403  0.46501362726477147  0.47101359144450233
  0.47698683781999379  0.48288085235974759  0.48875880777434455  0.49470517331285158
  0.50070736985655495  0.50676936745635692  0.51286797897007397  0.51896451630095064
  0.52521894028363303  0.53141703434153009  0.53761120817515540  0.54377430720571684
  0.54991697082780122  0.55604851334476502  0.56210402574380958  0.56807916195879027
  0.57408813329290320  0.58024476332455821  0.58658782357522099  0.59304817902024953
  0.59948669824042899  0.60602451067448304  0.61278211945087180  0.61972526760834701
  0.62678319411288319  0.63385295780145245  0.64087177960389763  0.64781189356597813
  0.65485638321171924  0.66202188412732388  0.66931398181021551  0.67665481761459334
  0.68402658306959263  0.69155369099542263  0.69928676417096480  0.70729602011020942
  0.71557889180776024  0.72405953666931766  0.73284567072417017  0.74200284700338925
  0.75143354470463242  0.76121382199237575  0.77152285164829060  0.78262078516130273
  0.79433925313929299  0.80680361898442177  0.82072520187881881  0.83610962099220287
  0.85358839075632220  0.87564476587614670  0.90970874254376222  1.00000000000000000
   3373.6106156157534       -1.0000000000000000     
 F F F F F F F F F F F F F F F F F F F F F F F F F F F F F F F F
  <DiscreteSampler_grid>
  grouped_processes
  1 # 1 for a reference and 2 for a running grid.
  10 # Attribute 'min_bin_probing_points' of the grid.
  1 # Attribute 'grid_mode' of the grid. 1=='default',2=='initialization'
  0.0000000000000000 # Attribute 'small_contrib_threshold' of the grid.
  0.5000000000000000 # Attribute 'damping_power' of the grid.
 # binID   n_entries weight   weight_sqr   abs_weight
    10   10   1.781151680108615E+011   1.161649704238031E+023   1.781151680108615E+011
    16   10   1.781151680108615E+011   1.161649704238031E+023   1.781151680108615E+011
  </DiscreteSampler_grid>
