  0.03094077530545403  0.03816349600967987  0.04290673372903860  0.04844866070312290
  0.05396539263995728  0.05949132747757981  0.06497870623911589  0.07045269566936367
  0.07594945941715943  0.08149693015546230  0.08711022275940138  0.09278641939472673
  0.09851243927213255  0.10432476542357333  0.11022222433224214  0.11618322944128189
  0.12212222049732821  0.12827680144871539  0.13454320724634797  0.14085645604902150
  0.14724385895352393  0.15371467524284596  0.16023696009613589  0.16681880413954125
  0.17349838305179954  0.18026137315711147  0.18711178523185648  0.19405412562222371
  0.20108976564995704  0.20821701972227369  0.21544752728228619  0.22275555983175663
  0.23014679896576229  0.23765136139669796  0.24526373520433253  0.25299382395562059
  0.26088324003636076  0.26883313973524431  0.27689202980128341  0.28500996074407681
  0.29312819754404812  0.30161256158196981  0.31004780520302055  0.31887555537539242
  0.32787520426326489  0.33708222934031967  0.34647419586879069  0.35595973873670089
  0.36555182528017172  0.37525200891836297  0.38501964047321141  0.39486853030443347
  0.40487049721413909  0.41512669613216663  0.42565691526834859  0.43631393580396816
  0.44707075797132428  0.45802399251125825  0.46926809385013196  0.48076544862238701
  0.49244359070691940  0.50438211384228326  0.51650332135783628  0.52893879972730706
  0.54173458091538029  0.55484962193646137  0.56804507294585671  0.58127842767997806
  0.59460090027701196  0.60807692401769864  0.62180359667935003  0.63587451237020609
  0.65023436973465465  0.66490467021762911  0.67964760392993162  0.69464701568202858
  0.70990103199187027  0.72527713263565041  0.74078585554473786  0.75609265615852461
  0.77120837075178794  0.78633006602567224  0.80131522681189982  0.81625827636235004
  0.83131393411895371  0.84643104703256711  0.86137218242136482  0.87607108584462312
  0.89053111028123244  0.90471234816151791  0.91864862627844723  0.93256544756580684
  0.94689536601579372  0.95959682849025185  0.96815440804262820  1.00000000000000000
 -0.00241362352667077  0.00961804036584328  0.02003442993553440  0.03041405367836499
  0.04090236824885658  0.05134508597024177  0.06195009893124932  0.07248092509434999
  0.08309755338457944  0.09378548956225637  0.10456480227864154  0.11513398849695651
  0.12564994225284937  0.13615096306309948  0.14674548863455553  0.15730396960673801
  0.16789904598644800  0.17851250131005697  0.18922327546666698  0.19985843560606845
  0.21030578127343719  0.22067243874552384  0.23098597240821153  0.24150447490368593
  0.25201981867233242  0.26266506015051355  0.27337328267368743  0.28435322033704646
  0.29520686201444346  0.30580847490064661  0.31625232696019334  0.32658938490736550
  0.33707038040851245  0.34755431029859579  0.35813090384960378  0.36869799035668666
  0.37929462978944462  0.38995335047840207  0.40073976555515911  0.41150118095984817
  0.42227881880794460  0.43299116485823136  0.44361852172313238  0.45430150078452514
  0.46477243707675786  0.47514672387835755  0.48535207812096154  0.49552658788527670
  0.50585091385799530  0.51629770731670421  0.52691365247209820  0.53753083190253248
  0.54816041526435055  0.55884121826889166  0.56952477021656156  0.58018644395633701
  0.59068248271405477  0.60118520717012447  0.61160075433859340  0.62198531548140745
  0.63229488762370023  0.64255120718578085  0.65302605150288140  0.66355660609104716
  0.67409042870770153  0.68452685445287897  0.69500440518735185  0.70556832733826014
  0.71622955553899270  0.72698848472625910  0.73766573428975502  0.74825070564720664
  0.75872703265557206  0.76916613427969427  0.77958298378452473  0.79014874905061594
  0.80099107202707798  0.81189444133049438  0.82267456057765687  0.83321752563722962
  0.84362070081807627  0.85397219342693154  0.86441069542847571  0.87477223543141625
  0.88518593136782397  0.89558956129489808  0.90621234109439830  0.91671543184521742
  0.92713370875244383  0.93747580558071719  0.94795356906536266  0.95825830729526296
  0.96870065805572769  0.97898434063202788  0.98952648952559275  1.00000000000000000
  0.00054009290396761  0.00882684037378023  0.01782948672496458  0.02734695011274289
  0.03712590661814464  0.04712431250455872  0.05735981759043771  0.06762629582691533
  0.07789591820563921  0.08807703649596210  0.09830688202509391  0.10866983875252845
  0.11915138038674532  0.12954889727502542  0.13989406275016569  0.15018405675086213
  0.16048501142909372  0.17074458571884402  0.18103794031781437  0.19134005020414532
  0.20172011673919410  0.21214347295154298  0.22257121559972706  0.23290200744943673
  0.24310022231148240  0.25333517872082673  0.26357631747248661  0.27383528956185615
  0.28409917407223723  0.29444420639374552  0.30486599333742315  0.31542655695968236
  0.32596668582699345  0.33641840401083101  0.34678908922724239  0.35727303444316594
  0.36784772043313274  0.37841044205022478  0.38892382240945966  0.39944160999233275
  0.41003191179717036  0.42063088910370405  0.43121802821182537  0.44176419050910598
  0.45229972845551281  0.46271261190932284  0.47300546820112138  0.48318659530206898
  0.49335040638730354  0.50360669263628910  0.51393728654147353  0.52433581512088223
  0.53472305460523151  0.54507677087990858  0.55532715825161283  0.56552020703314310
  0.57578778132519093  0.58621279381211722  0.59677542822661955  0.60728820339976086
  0.61785238071650717  0.62854757652445914  0.63932914703340848  0.65016714834678013
  0.66097081788267409  0.67170177173576762  0.68234967591641504  0.69289985649822960
  0.70344541521556669  0.71396614437241501  0.72440787616665714  0.73483402977898049
  0.74527901250912976  0.75571908095277796  0.76609576838824367  0.77651083684570033
  0.78701029029627978  0.79773373130670433  0.80859893502274327  0.81944722377077506
  0.83023838727805177  0.84091234011898230  0.85169078466415504  0.86246381756160173
  0.87323112749160259  0.88405668625198697  0.89486947691523910  0.90570969046074712
  0.91664396352427002  0.92781713760246476  0.93906547461494039  0.95033174384110319
  0.96180748750316292  0.97366659182068638  0.98647764297784901  1.00000000000000000
 -0.01399182306166336  0.10437969507199604  0.14502887850066748  0.17177603842076233
  0.19344934890741489  0.21249480662728218  0.22966974479591354  0.24537258462664219
  0.25962669927069526  0.27315692535187758  0.28598727000467872  0.29826069860136739
  0.30991783597648020  0.32122087445873349  0.33210646158367813  0.34262374893764019
  0.35279618768375087  0.36276418339271510  0.37260604575352130  0.38236177487442846
  0.39199261103243682  0.40148786139251791  0.41088401991470058  0.42016398948702982
  0.42932113645186054  0.43834233362590164  0.44720647368233213  0.45593855063122168
  0.46454267602028704  0.47302959861809835  0.48140994777786367  0.48965482217856443
  0.49782725116143367  0.50599415872369324  0.51417109438119424  0.52226859846570184
  0.53025971374322833  0.53818212832050960  0.54603517271564828  0.55381886936987468
  0.56154234772777878  0.56917517413154228  0.57676386382119604  0.58434363794664446
  0.59184300683638691  0.59933221291164385  0.60669693413729342  0.61408881140433291
  0.62138894216229423  0.62863204211653656  0.63581449090365050  0.64293198848574729
  0.64993026857274472  0.65688495355728604  0.66381047524884440  0.67065615632193321
  0.67738072057706733  0.68400154806376601  0.69053882865439931  0.69698601872762000
  0.70341280155943087  0.70978519943595653  0.71609363522362501  0.72236875473929962
  0.72862612527413861  0.73481719965217296  0.74096863585692074  0.74711384577850037
  0.75320780623574157  0.75927658852431645  0.76532122477707343  0.77132334408935632
  0.77727594648046083  0.78318805386937551  0.78908310482850119  0.79497235160151858
  0.80085433488351787  0.80672677440834362  0.81262259398324344  0.81863286164855698
  0.82476345987390232  0.83099728426043040  0.83732238200868803  0.84368354640203347
  0.85006288436548083  0.85669552675659055  0.86369273941285374  0.87095971336386924
  0.87864874414627836  0.88683007102493261  0.89560927004907664  0.90550868911490301
  0.91692042924030925  0.93135755537322085  0.95334629392279202  1.00000000000000000
   2.3830767987532211E-002  -1.0000000000000000     
 F F F F F F F F F F F F F F F F F F F F F F F F F F F F F F F F
  <DiscreteSampler_grid>
  grouped_processes
  1 # 1 for a reference and 2 for a running grid.
  10 # Attribute 'min_bin_probing_points' of the grid.
  1 # Attribute 'grid_mode' of the grid. 1=='default',2=='initialization'
  0.0000000000000000 # Attribute 'small_contrib_threshold' of the grid.
  0.5000000000000000 # Attribute 'damping_power' of the grid.
 # binID   n_entries weight   weight_sqr   abs_weight
    13   10   6.100016009367816E+008   6.295347606368881E+017   6.100016009367816E+008
    14   10   6.100016009367816E+008   6.295347606368878E+017   6.100016009367816E+008
    16   10   8.173005346019012E+008   1.199276338949132E+018   8.173005346019012E+008
    17   10   8.173005346019011E+008   1.199276338949132E+018   8.173005346019011E+008
  </DiscreteSampler_grid>
