 -0.00006782047081535  0.00059169165060554  0.00118319351495793  0.00195531403538369
  0.00284093248281202  0.00395618737386571  0.00524435637769889  0.00662041203394685
  0.00815323318370942  0.00989369565849547  0.01174034336380083  0.01370292883151794
  0.01576443829152050  0.01797234799882521  0.02032715868435432  0.02279679718180471
  0.02543203038309838  0.02819578186435259  0.03106375623654780  0.03415057790943327
  0.03754386474067782  0.04103379606189200  0.04444296876376286  0.04793360519873539
  0.05164537910297046  0.05564354369309689  0.05997581587320064  0.06448825937540083
  0.06905525295081018  0.07365598211033916  0.07839418523527943  0.08329811680638333
  0.08847580355424509  0.09380653648927549  0.09933103353269820  0.10497958467350176
  0.11059823896408627  0.11607768549625948  0.12159014840854014  0.12754079393218287
  0.13387198135553111  0.14056258071179528  0.14759467061175582  0.15474913320442429
  0.16206760022989997  0.16973081342153840  0.17797846283968952  0.18671065968092848
  0.19573774505560784  0.20510087909546190  0.21489665464497473  0.22505101032225255
  0.23585328055238153  0.24775562689997743  0.26095973240920306  0.27560166563422583
  0.29189263466018495  0.30994934792627860  0.32983737243933731  0.35309287053231608
  0.38405255838317337  0.44151592679975787  0.53728163105692328  0.61033455095486000
  0.64810001301160391  0.67529922968847389  0.69703362446456640  0.71651422656872876
  0.73478967469668022  0.75205050381768535  0.76793796482729737  0.78229340827249072
  0.79557491000465930  0.80793549358983485  0.81957331185808746  0.83070811175287684
  0.84146820346587803  0.85188315287584782  0.86184912178455186  0.87157934390482483
  0.88115709134394593  0.89062214716478372  0.89966056399121119  0.90858057226023137
  0.91726176474697885  0.92555214091751026  0.93362557551500902  0.94157349131309087
  0.94941848662571282  0.95719461568272679  0.96471346402536917  0.97209889214095802
  0.97940441876788686  0.98637297135308977  0.99322895198760719  1.00000000000000000
 -0.00235929084260635  0.01000919425128459  0.02064113779124913  0.03198146860631034
  0.04309918939612049  0.05415222010641332  0.06498485629919294  0.07552516672319855
  0.08570903827747990  0.09522446970187730  0.10445761363642765  0.11372975346898609
  0.12337300628272241  0.13382133881781433  0.14463777183009319  0.15473165849774639
  0.16436657966728813  0.17402356319816725  0.18358105504953484  0.19281230579408978
  0.20211084943391350  0.21180670352812828  0.22309502266371367  0.23405487809132591
  0.24436787695566239  0.25454430358385161  0.26487956202398277  0.27499486653532329
  0.28568118696041889  0.29629881894676108  0.30645793866560761  0.31607027337390781
  0.32596532128237959  0.33633762587638133  0.34684862994762045  0.35733528460938280
  0.36851618274581982  0.37995548399256623  0.39111320530046251  0.40228052997230535
  0.41354344265280935  0.42490661701669852  0.43631176406357847  0.44740255372604537
  0.45875898293313128  0.47021283376865503  0.48188522630061492  0.49383241356192870
  0.50596582667420320  0.51837707926958765  0.52976520987749132  0.54059432389663431
  0.55142013325356942  0.56206545472315395  0.57212424446739141  0.58223132945135037
  0.59324287884609461  0.60535459069356146  0.61808196019805217  0.63048731281859960
  0.64248826752066934  0.65429786504170817  0.66578699169740851  0.67674683179333672
  0.68684225997512804  0.69585594411110185  0.70527628186317248  0.71540381944931430
  0.72564161175913766  0.73515648463917671  0.74432072049958442  0.75371126531360078
  0.76290354437169217  0.77195046848625581  0.78085367308873388  0.79006515974107461
  0.80031381125779311  0.81099225223732285  0.82194390275100215  0.83280317238346313
  0.84518344610073204  0.85711415351158704  0.86853975989254717  0.87980181688593828
  0.89154849070385800  0.90235791518601438  0.91255036738881146  0.92245096449304953
  0.93206333355541626  0.94137699782704298  0.95108562835550658  0.96141409152329116
  0.97171108497097047  0.98139525128360161  0.99057033419284524  1.00000000000000000
 -0.00146797196872339  0.01263296261367090  0.02375405984004030  0.03401842351738661
  0.04393188437456662  0.05334329968369909  0.06222081911401807  0.07089139134615312
  0.07912009716041579  0.08720600409344040  0.09538115191749494  0.10345083668343473
  0.11149604059793659  0.11922116730742430  0.12691420967494160  0.13437124620891883
  0.14142681157716855  0.14831388943960630  0.15518297515571045  0.16230730020961429
  0.16962833579960701  0.17712934497004129  0.18454429097454159  0.19149272386249402
  0.19798761517841362  0.20446575192452582  0.21061892588901771  0.21668097299655623
  0.22279636384410434  0.22888369133031286  0.23478057026338506  0.24029634042168932
  0.24596527542607513  0.25184478445243097  0.25810520385523128  0.26415855266364963
  0.27035169287160871  0.27734884384188035  0.28463902099749716  0.29154863850139462
  0.29789744498794707  0.30402098641546116  0.31022671041101907  0.31654176820957086
  0.32300927629955450  0.32962183999083022  0.33604174110303375  0.34254326099195154
  0.34904447624333573  0.35602393430718948  0.36359965431576535  0.37109633034360096
  0.37807351941620465  0.38482034430154582  0.39169797761234393  0.39870731922464464
  0.40554648555483952  0.41217656122951729  0.41883552604118529  0.42568381852647569
  0.43288229271346024  0.44074367786715546  0.44958513364397057  0.45809847849019392
  0.46687741335936267  0.47552172950994942  0.48443695904784040  0.49345248372809464
  0.50253857415755809  0.51157864292679600  0.52072382946827300  0.52950734000643462
  0.53828747138132749  0.54723109115775115  0.55618798580585560  0.56561283273342711
  0.57519706124156389  0.58519082018433000  0.59529685554716527  0.60482318780498445
  0.61387694932845494  0.62318648912633323  0.63330600125570791  0.64455885827712067
  0.65667885324925435  0.66951845593511605  0.68312715682553860  0.69904729593461901
  0.71657794979355804  0.73595264087008039  0.75830946204146332  0.78221042836853449
  0.80710761654762242  0.83778831647786423  0.88694740915665893  1.00000000000000000
 -0.01663131147359085  0.10780776865943724  0.14349093659148121  0.16396872174385038
  0.18112518651849047  0.19659240513971440  0.21074020671527383  0.22391042513793538
  0.23605735013503962  0.24740187192790600  0.25727146506788856  0.26640233174759353
  0.27503396088264720  0.28366253265417202  0.29211178041523028  0.30012739425124696
  0.30782850894688285  0.31513350797479395  0.32216166003382213  0.32901087254188077
  0.33545891966609048  0.34174437228130727  0.34805053502219840  0.35461678770642863
  0.36133916536479666  0.36787132888703755  0.37427197823174924  0.38078828007656024
  0.38720302926327782  0.39334771923656819  0.39942029562876846  0.40568277352658616
  0.41215842732499280  0.41875437645579311  0.42515352447877419  0.43120128873255376
  0.43752310364282820  0.44383475096399128  0.45004144858171069  0.45619272269323208
  0.46215238719063101  0.46787958523035489  0.47356882706808334  0.47930533645308815
  0.48491883800841595  0.49057198930912604  0.49645400229496778  0.50260683435166675
  0.50890078768470026  0.51512440035017715  0.52110425642850255  0.52656637452714938
  0.53182806598087629  0.53702403104396013  0.54222421535758580  0.54738704145211092
  0.55260217994757754  0.55798436699357656  0.56352864798031688  0.56919985775536319
  0.57496956903877927  0.58074603198979668  0.58642986046120948  0.59203541384429292
  0.59756703165216818  0.60313244852048231  0.60883374804697721  0.61471478232262999
  0.62077458626134041  0.62658055030983040  0.63297870105824927  0.63931660170016780
  0.64647164041319283  0.65432630203115483  0.66197762791580983  0.66945843911165570
  0.67714154943259064  0.68493834369163242  0.69242419335554029  0.69955551798035653
  0.70673508800315687  0.71428003173018240  0.72225126266739037  0.73063860741221875
  0.73900829510528165  0.74754648856012673  0.75729790124237817  0.76754428754667980
  0.77826049379294659  0.78940416982347328  0.80318296747347562  0.81910477488743449
  0.83737176058116236  0.85955830008023359  0.89296359408564974  1.00000000000000000
   3.8233783518803734E-004  -1.0000000000000000     
 F F F F F F F F F F F F F F F F F F F F F F F F F F F F F F F F
  <DiscreteSampler_grid>
  grouped_processes
  1 # 1 for a reference and 2 for a running grid.
  10 # Attribute 'min_bin_probing_points' of the grid.
  1 # Attribute 'grid_mode' of the grid. 1=='default',2=='initialization'
  0.0000000000000000 # Attribute 'small_contrib_threshold' of the grid.
  0.5000000000000000 # Attribute 'damping_power' of the grid.
 # binID   n_entries weight   weight_sqr   abs_weight
    10   10   1.345304968300323E+007   2.513820251618187E+014   1.345304968300323E+007
  </DiscreteSampler_grid>
