  0.00000242407187326  0.00000249523096127  0.00000255115532428  0.00000260395641421
  0.00000265819843375  0.00000271298721298  0.00000276894857397  0.00000282852713999
  0.00000289070705289  0.00000295324785095  0.00000301723080172  0.00000308166607759
  0.00000314692943035  0.00000321525430218  0.00000328842812033  0.00000336370095225
  0.00000344035231815  0.00000351891032114  0.00000359896140093  0.00000368234439753
  0.00000377112347628  0.00000386528595096  0.00000396258880462  0.00000406075826009
  0.00000416207793498  0.00000426509169204  0.00000437808679314  0.00000449973788132
  0.00000462466605364  0.00000475066392261  0.00000487973366015  0.00000501388200960
  0.00000516123552613  0.00000532181423629  0.00000548414357043  0.00000564938674839
  0.00000582669998731  0.00000602042620573  0.00000622832595865  0.00000644442282645
  0.00000666637295544  0.00000690652506682  0.00000717099382532  0.00000743761045714
  0.00000770562438318  0.00000799386572799  0.00000830850633793  0.00000864442670493
  0.00000899507203706  0.00000936894292920  0.00000978157387182  0.00001019801135382
  0.00001062770621345  0.00001111432489112  0.00001162689743198  0.00001215229632532
  0.00001274129320423  0.00001339249925321  0.00001405836080713  0.00001479131152741
  0.00001561921494934  0.00001649243577489  0.00001740735137301  0.00001837609583491
  0.00001933130605725  0.00002048149945410  0.00002170025833526  0.00002302853199455
  0.00002448991151663  0.00002605810230621  0.00002783016277194  0.00002970347387105
  0.00003175447705944  0.00003401183409801  0.00003654108166473  0.00003949081731629
  0.00004270621286885  0.00004629555654087  0.00005058180479173  0.00005570327872486
  0.00006208830780569  0.00006930654716918  0.00007727689853402  0.00008690466014587
  0.00010065619501921  0.00011681445891951  0.00013388892144090  0.00015118155283587
  0.00017270600282075  0.00020200534996288  0.00023573071900692  0.00027300131729742
  0.00031372258603040  0.00046186753360248  0.00315755901132571  1.00000000000000000
 -0.00180378914861972  0.00989820270775758  0.02012688133831901  0.03062139892744421
  0.04085434925251332  0.05126608512869945  0.06146950509142351  0.07219794671894414
  0.08307513411299539  0.09409130264246476  0.10483938614609449  0.11540796289527328
  0.12597065711530542  0.13611226176670094  0.14617062301585862  0.15627674720625459
  0.16614269075353486  0.17627161308038192  0.18617905809004276  0.19648829328663089
  0.20686463312936898  0.21734992263272548  0.22779752159828603  0.23832257095963802
  0.24891494128340536  0.25988206444600037  0.27054234490818185  0.28124906630573426
  0.29190255366508344  0.30249998533554867  0.31317998697905908  0.32373971806997359
  0.33412927161703299  0.34439311918610499  0.35491747840421151  0.36561989459912564
  0.37636239535361449  0.38660939219043439  0.39692431889346458  0.40707064571326590
  0.41747054910600906  0.42805293875219746  0.43852881384827441  0.44907955389190995
  0.45956957301481144  0.47026827474896571  0.48078087235741263  0.49123361285362815
  0.50169735170206720  0.51233947787169964  0.52297493392159866  0.53351231715905723
  0.54409058614978945  0.55490191058789429  0.56587344997780320  0.57685041870838449
  0.58765041982995314  0.59851459833277543  0.60929024471919579  0.62021608582302756
  0.63120689672205699  0.64215949505142234  0.65271039287487498  0.66298122996457931
  0.67330298247080422  0.68374225008134892  0.69402614233817916  0.70416975426540784
  0.71414804101255625  0.72433176859457027  0.73465228516475012  0.74511237003912467
  0.75541712985231524  0.76575965403165780  0.77632631011976705  0.78718623852412273
  0.79784709838384438  0.80824963264134053  0.81865779628148994  0.82934921544785001
  0.84016904682625060  0.85101511679054154  0.86164023119477828  0.87236484764737476
  0.88288359133390193  0.89323748158129357  0.90390293607770067  0.91458217660352781
  0.92566352817923359  0.93650182206834331  0.94708095462805997  0.95762871184051901
  0.96827281241273255  0.97905872396056248  0.98956323704276183  1.00000000000000000
  0.00970615074136506  0.02098539876444758  0.03318715760412248  0.04694520185925862
  0.06060821749865312  0.07408528211184282  0.08750946679019760  0.10100500678692415
  0.11442881127867498  0.12758594897168596  0.14060907357521590  0.15398472367658816
  0.16708068572260187  0.17974537514738054  0.19234205653560316  0.20504608770091284
  0.21750188660701114  0.22965192718870692  0.24199347055045270  0.25422249152734910
  0.26625127091915113  0.27789781102208327  0.28921372772193588  0.30045884166633746
  0.31170158054665853  0.32302487071633296  0.33441074306906599  0.34577213065103229
  0.35704574013761592  0.36819781839197252  0.37931563521218503  0.39044541774033209
  0.40177782408567131  0.41322497981172568  0.42453843739323321  0.43551751528891441
  0.44607774955375956  0.45642768678912410  0.46669263927378901  0.47699217783450648
  0.48727336193283666  0.49747381192008067  0.50755712217078064  0.51749357540684826
  0.52734863533881182  0.53713301704610683  0.54683788448764015  0.55648187565863738
  0.56602490551723195  0.57553172207413172  0.58494163940843213  0.59428412501191807
  0.60377986087878455  0.61324320575793545  0.62268197199258069  0.63185436606882028
  0.64087411334763744  0.64991357896985524  0.65907690161699994  0.66821821270511905
  0.67720254691473769  0.68636742543817009  0.69539611605483054  0.70436966934639222
  0.71319621407390399  0.72198143629253742  0.73079281301241195  0.73951482041522698
  0.74824899985746274  0.75696937984252211  0.76584510102790004  0.77467065272495050
  0.78334144406068063  0.79212260519089517  0.80094086327330871  0.80975195525323707
  0.81848240901783997  0.82710908834339802  0.83574058561124454  0.84436284692611063
  0.85302724411613662  0.86182379906366102  0.87077783432678180  0.87980270416391948
  0.88884896344684305  0.89794351452871846  0.90709840783480944  0.91641224820787015
  0.92557197549487358  0.93480192000006512  0.94413521656613897  0.95367654425199322
  0.96382398538537972  0.97441446082359728  0.98650067752199710  1.00000000000000000
 -0.01144277415472099  0.10349527084705409  0.14335434983104733  0.16937428104420266
  0.19067946377684103  0.20964663864142716  0.22640176424157463  0.24179302493604279
  0.25607541063234784  0.26953137944406735  0.28230029140504292  0.29457778358821218
  0.30611660110463979  0.31739741793017867  0.32842569603004340  0.33924074210960448
  0.34967704918721432  0.36004966656188508  0.37033409283657698  0.38030797560842722
  0.38996736578322311  0.39956824813151437  0.40927954988084181  0.41896082486372227
  0.42840896775358639  0.43764477489674514  0.44668105304607530  0.45545652628777422
  0.46407615131407193  0.47269765076965620  0.48133822381773517  0.48994379099741109
  0.49845423704603142  0.50681948011773481  0.51504803217150963  0.52314263304509478
  0.53110369168888005  0.53904196994281539  0.54708114547887832  0.55516040898062036
  0.56313926045712048  0.57095098201113170  0.57856099783980885  0.58605280920897429
  0.59343783690308327  0.60085042408880895  0.60844088044584876  0.61598607993734822
  0.62365961500620970  0.63082914002341417  0.63800282104299133  0.64499089242292362
  0.65182486464762501  0.65847374632034938  0.66501784299581812  0.67157611496893954
  0.67819517766420789  0.68479156223581794  0.69146822674669328  0.69803076281093246
  0.70451767165644752  0.71094568122146884  0.71740072226384910  0.72392212100009901
  0.73040349909338420  0.73671971747677711  0.74286855792291895  0.74891307834393295
  0.75492005241522420  0.76096642774313650  0.76696261240993813  0.77291144824780067
  0.77871413168197978  0.78455279621823326  0.79053032419743186  0.79663114581901862
  0.80270202338815932  0.80868195619434480  0.81457897234640142  0.82045102354248534
  0.82635619906690261  0.83231070441019017  0.83842104913741977  0.84451369765627171
  0.85073896256131154  0.85720206792591092  0.86386822953113684  0.87068298067338734
  0.87769015873981870  0.88504819668156620  0.89292415871968034  0.90187462709773381
  0.91240127046416730  0.92545212920558284  0.94404752961851579  1.00000000000000000
   3.7549651117276159       -1.0000000000000000     
 F F F F F F F F F F F F F F F F F F F F F F F F F F F F F F F F
  <DiscreteSampler_grid>
  grouped_processes
  1 # 1 for a reference and 2 for a running grid.
  10 # Attribute 'min_bin_probing_points' of the grid.
  1 # Attribute 'grid_mode' of the grid. 1=='default',2=='initialization'
  0.0000000000000000 # Attribute 'small_contrib_threshold' of the grid.
  0.5000000000000000 # Attribute 'damping_power' of the grid.
 # binID   n_entries weight   weight_sqr   abs_weight
    10   10   9.397886421449133E+009   6.385917950281685E+020   9.397886421449133E+009
    11   10   9.397886421449133E+009   6.385917950281685E+020   9.397886421449133E+009
  </DiscreteSampler_grid>
