  0.01154811150994110  0.01800058268522949  0.02565140770300280  0.03559969669194094
  0.04536030036970344  0.05523305913996236  0.06522288588003161  0.07532045621842594
  0.08552878033554297  0.09585590966954378  0.10633572623623370  0.11697030409984675
  0.12774557654828680  0.13865903178813554  0.14971126101790241  0.16085478723565239
  0.17210111982984713  0.18342888153599304  0.19487745993773012  0.20647969735316610
  0.21829161182112666  0.23027529001124902  0.24238065352911475  0.25459329186809226
  0.26691253675062787  0.27931573942017679  0.29180971641172676  0.30438899424914728
  0.31710079280578851  0.32987365688485526  0.34268367278958323  0.35551700702782685
  0.36845757714446237  0.38142048644091869  0.39436493170764741  0.40722907769592998
  0.42007914169178279  0.43293129700201455  0.44578986366621010  0.45865794134523669
  0.47152202144990901  0.48434456216943939  0.49705284354455143  0.50962782662380857
  0.52210167162629062  0.53450013296456556  0.54683657039313760  0.55909539699331479
  0.57125060841254349  0.58327242831954773  0.59515932363939728  0.60685539181881487
  0.61841117613680008  0.62984342526513593  0.64118743563441694  0.65247901554319010
  0.66371448517851628  0.67478146100143310  0.68569887839146615  0.69641187807655780
  0.70709098423319083  0.71754675270688228  0.72787751159634151  0.73802138192300049
  0.74805083684147999  0.75788062633262143  0.76755205395545600  0.77716617962295931
  0.78672676355806415  0.79616002562227073  0.80548773247797090  0.81470103312366338
  0.82384218167716494  0.83286398873257017  0.84173417842908660  0.85046581935718357
  0.85907074742622891  0.86757944109450968  0.87602764240461550  0.88436621610505028
  0.89261641171631911  0.90071394489280154  0.90874436838142714  0.91673282284448454
  0.92467132714651235  0.93254194280609892  0.94029952896404945  0.94797501766916481
  0.95558871801725931  0.96308957566528330  0.97048097694390600  0.97784124937823036
  0.98454384643810389  0.98835072741876917  0.99042720265883077  1.00000000000000000
 -0.00253448447716009  0.00978120842185154  0.02006048699439445  0.03065416809971343
  0.04122480041023012  0.05172860727621487  0.06221827185991783  0.07265294357023294
  0.08312318810326239  0.09354984077752315  0.10393342037521758  0.11436193365675770
  0.12484197803208442  0.13536576751210477  0.14593397278369150  0.15644545550297273
  0.16694654412986790  0.17744431689443577  0.18794731336615558  0.19849879880654109
  0.20901689986086205  0.21952763595732072  0.23003360689810412  0.24059454046726692
  0.25120721960965658  0.26176166615572577  0.27234480593379168  0.28291616426607791
  0.29350572893351512  0.30407985713270136  0.31470885754691325  0.32535740115255241
  0.33593015392150971  0.34645377522085713  0.35698393095670816  0.36752630011418608
  0.37807819295886691  0.38862547594557478  0.39918354919574905  0.40974426105180739
  0.42027469495785885  0.43084971170169017  0.44140809109871526  0.45201306499774013
  0.46258604175346146  0.47320057168121826  0.48380055323614923  0.49438350512550067
  0.50493199871681527  0.51543076020148260  0.52601243600947978  0.53659588475142039
  0.54727776755373370  0.55796035870170635  0.56858477107752436  0.57917754810049604
  0.58970054384204063  0.60020314282745613  0.61062428896286480  0.62097881005894739
  0.63151527607507640  0.64213776254858534  0.65275010460568017  0.66320642484071313
  0.67368753081262356  0.68424305061412172  0.69476407007302332  0.70538703270875613
  0.71600780305327760  0.72663670741278674  0.73711158990075820  0.74753473960735084
  0.75796405459443905  0.76834791350317999  0.77880247389580792  0.78930973394506776
  0.79985638288733241  0.81041137378183215  0.82113275055148349  0.83183690461873971
  0.84237087413399536  0.85292633788251515  0.86345396943279029  0.87405952519421060
  0.88440578300913775  0.89477608713793666  0.90526490910792001  0.91573355815596824
  0.92629265885666401  0.93681112199769856  0.94740463129253927  0.95796197548382800
  0.96846895053559567  0.97897698748795570  0.98943812549912824  1.00000000000000000
 -0.00145569347504890  0.00772422821954829  0.01636366751323620  0.02565728653099893
  0.03532804632329210  0.04531705949748973  0.05551714442070051  0.06576627528540430
  0.07603182054358228  0.08636153111883763  0.09677728997905270  0.10719634010594264
  0.11760027625534528  0.12796500030784178  0.13837648855340365  0.14872017641278271
  0.15906342650470759  0.16944341494075937  0.17985717796344608  0.19023031904321097
  0.20054012516089595  0.21085265231779218  0.22122649588277576  0.23165576819155098
  0.24206813230829208  0.25247496767565453  0.26289957957871873  0.27340906996183834
  0.28395441427461138  0.29450873211567680  0.30510101191600603  0.31567466069876754
  0.32623627692384233  0.33676050909094651  0.34728255895708476  0.35773136441749537
  0.36806256403100895  0.37843532344058289  0.38883917993499423  0.39933763791618698
  0.40989100588309990  0.42050761517329271  0.43108314932443759  0.44154105845561598
  0.45199630030835342  0.46252587349639812  0.47308841150182002  0.48365120475511902
  0.49419519690394093  0.50477993232054552  0.51542438267274426  0.52608055418972621
  0.53669425850182828  0.54720778870537634  0.55770864752621863  0.56821218455392797
  0.57874139986008333  0.58925369796024762  0.59973559124257159  0.61020363558291346
  0.62068854926502093  0.63118728744249508  0.64168936795870024  0.65220323826963311
  0.66270771343250479  0.67327709240024736  0.68386301493042312  0.69452000368064726
  0.70519126053810277  0.71584178177345548  0.72646020304998182  0.73697028432469147
  0.74740470918986746  0.75779614222311853  0.76824364182909566  0.77878733251179766
  0.78936797376814494  0.79997123285074700  0.81056695864199813  0.82122080020037491
  0.83195924103760699  0.84275649487963911  0.85353904066788333  0.86430117775475623
  0.87503805586187255  0.88587256363204347  0.89677834353375818  0.90776492138417197
  0.91866179784208402  0.92958794999884808  0.94060846140034837  0.95176114661977629
  0.96309094666485662  0.97461091981074832  0.98697147615244141  1.00000000000000000
  0.24965659210976671  0.25966534161198285  0.26923418272694583  0.27851085034296591
  0.28744284562878464  0.29601141550547061  0.30423954186046581  0.31221686199652060
  0.31990734417699934  0.32741989053580378  0.33472923692673112  0.34179583685840464
  0.34871575078763062  0.35548930821878993  0.36205565536952544  0.36851474319647148
  0.37485298015093721  0.38100519815694250  0.38706798516563190  0.39308546628295327
  0.39898520004112914  0.40477874446818585  0.41053766620170284  0.41628489624783188
  0.42196613877132827  0.42760465796804537  0.43319688157329017  0.43875784478393826
  0.44426932827189952  0.44975086042449897  0.45518681654238302  0.46057020514860536
  0.46591658931764524  0.47125187598496221  0.47655353199056855  0.48181137096041987
  0.48703980591065776  0.49226368984677454  0.49747146832164357  0.50260608556861952
  0.50770997530837259  0.51279709023691444  0.51784370498558141  0.52280524211557822
  0.52772170786982675  0.53265049897828498  0.53760155057233094  0.54251930127480408
  0.54738869848954075  0.55221695292428152  0.55702463746344943  0.56182496552757910
  0.56660986187105999  0.57138157154015945  0.57613424457278595  0.58086285443373986
  0.58558625213094762  0.59031729191988280  0.59505727784628659  0.59977700489953656
  0.60445980848166847  0.60910022752756598  0.61372314838594277  0.61832928035018619
  0.62290948734776475  0.62746438985214648  0.63200531469992860  0.63655813120953908
  0.64112523117883724  0.64568614119716217  0.65023182172697669  0.65476724475942449
  0.65929639686001806  0.66382379684075132  0.66835101063602065  0.67286672696248873
  0.67737018665612714  0.68185791653968097  0.68633218441260702  0.69081680882318119
  0.69531058562138648  0.69979202978482458  0.70428962572369891  0.70878384265853389
  0.71329242320422659  0.71779535811923467  0.72227273494522859  0.72672662190432458
  0.73121117412164760  0.73576024376717541  0.74031141223789920  0.74489449799047347
  0.74958864081617660  0.75395014598065935  0.76221974399602244  1.00000000000000000
   4.7874962563823949E-003  -1.0000000000000000     
 F F F F F F F F F F F F F F F F F F F F F F F F F F F F F F F F
  <DiscreteSampler_grid>
  grouped_processes
  1 # 1 for a reference and 2 for a running grid.
  10 # Attribute 'min_bin_probing_points' of the grid.
  1 # Attribute 'grid_mode' of the grid. 1=='default',2=='initialization'
  0.0000000000000000 # Attribute 'small_contrib_threshold' of the grid.
  0.5000000000000000 # Attribute 'damping_power' of the grid.
 # binID   n_entries weight   weight_sqr   abs_weight
    13   10   1.618264704689668E+008   4.644240417856382E+016   1.618264704689668E+008
    14   10   1.618264704689668E+008   4.644240417856382E+016   1.618264704689668E+008
    16   10   2.084173509400244E+008   7.956683755485552E+016   2.084173509400244E+008
    17   10   2.084173509400244E+008   7.956683755485550E+016   2.084173509400244E+008
  </DiscreteSampler_grid>
