  0.00000237346202473  0.00000241163037673  0.00000244213218886  0.00000246648739578
  0.00000248295973748  0.00000250457666910  0.00000252746630762  0.00000255091461867
  0.00000257563914018  0.00000260157923777  0.00000262888900010  0.00000265762573269
  0.00000268701039510  0.00000271652280940  0.00000274650315277  0.00000278237824029
  0.00000281822642731  0.00000285504132238  0.00000289291906821  0.00000293165843366
  0.00000297155344846  0.00000301247719427  0.00000305429169911  0.00000309761973894
  0.00000314250752471  0.00000319037239841  0.00000324228702904  0.00000329964199820
  0.00000335910312956  0.00000341992450924  0.00000348278735450  0.00000354813205396
  0.00000361551466912  0.00000368510323000  0.00000375976756872  0.00000384361996309
  0.00000392861804012  0.00000401642061887  0.00000410761294481  0.00000420376835296
  0.00000430532236192  0.00000441294482997  0.00000452803523843  0.00000464998713263
  0.00000477558770798  0.00000490493041169  0.00000504050492962  0.00000518985831825
  0.00000535009376387  0.00000551497850971  0.00000568510938334  0.00000586735661601
  0.00000607076099638  0.00000628755808310  0.00000651197690403  0.00000674970141128
  0.00000700716837044  0.00000728158001435  0.00000756677372492  0.00000786995406608
  0.00000820913641640  0.00000857154505885  0.00000895678811930  0.00000936746038846
  0.00000983796921275  0.00001033169896196  0.00001087373519755  0.00001145918290700
  0.00001209371816801  0.00001279232014067  0.00001359446235342  0.00001446977933796
  0.00001547104116627  0.00001656792024915  0.00001780818615394  0.00001921481403942
  0.00002080565347745  0.00002255609585632  0.00002450517820089  0.00002679185695377
  0.00002957894277534  0.00003286083970549  0.00003671326430403  0.00004124340418479
  0.00004668858270270  0.00005379547480084  0.00006354506906059  0.00007648405951071
  0.00009377982416850  0.00011813571448379  0.00015649885150232  0.00022313500464772
  0.00033525427070976  0.00059962847525036  0.00707105461358239  1.00000000000000000
 -0.00240658199723498  0.00950937218297028  0.02018973411452885  0.03087724426300692
  0.04148536977609705  0.05187718906320460  0.06237069025821863  0.07284599431127596
  0.08351245059138726  0.09415092682808759  0.10492108169190523  0.11561561869787271
  0.12610838894704068  0.13656743533722718  0.14705654688146147  0.15772222547618289
  0.16847706410746491  0.17908868541316073  0.19003326296933343  0.20092876201518262
  0.21192702618706702  0.22298352103588623  0.23371701537732195  0.24449422314494468
  0.25523735240207979  0.26592781416388456  0.27638055823269214  0.28670067016634732
  0.29688991533758496  0.30711614646608298  0.31724024198956369  0.32750774879201039
  0.33789268603885286  0.34806203629588633  0.35845204721055174  0.36874300643029390
  0.37870718643455659  0.38862500328629895  0.39863157128267301  0.40875765481443049
  0.41917833604040333  0.42935538573668497  0.43967341272172444  0.44971810262247286
  0.45999706766924470  0.47041818780574179  0.48037014801112382  0.49003914547572169
  0.49963765445651831  0.50966687759736540  0.51986487217948951  0.53019051955742191
  0.54072583608855707  0.55129900045689284  0.56196375870138959  0.57261118306893166
  0.58342956236016119  0.59421783817803298  0.60495611092534896  0.61549630691215784
  0.62614053152707516  0.63693680136728814  0.64791042281031563  0.65913242016917872
  0.67003683378110868  0.68074592676809120  0.69117156214734843  0.70187162700658801
  0.71286174756421483  0.72409414795819138  0.73521366607656480  0.74617422179669557
  0.75714368955847577  0.76812360730780427  0.77933671277229388  0.79052292903712984
  0.80146533848254098  0.81227746434965109  0.82322014249813114  0.83419547391002258
  0.84495650942786360  0.85551092150716612  0.86565462588088127  0.87581953575935723
  0.88579625164616282  0.89603384658609364  0.90634408803044542  0.91667060148443491
  0.92727839886276386  0.93761724780065325  0.94767748288945286  0.95756110251430038
  0.96799169769772020  0.97886597233478045  0.98939063440593711  1.00000000000000000
 -0.00406081213851280  0.02175411207405887  0.04367573573414800  0.06493108986524378
  0.08549415460755620  0.10591987614549425  0.12657844181862460  0.14735656826046778
  0.16779443048834347  0.18724251127081257  0.20594220729705884  0.22440916148927251
  0.24269534778505739  0.26101251932317193  0.27916507726806655  0.29700763765422844
  0.31465237270032220  0.33203564314303941  0.34897809405937164  0.36540356726758078
  0.38173297745222040  0.39796747419535589  0.41404196404059918  0.42962578229656923
  0.44467543793356040  0.45953534172689270  0.47433778014906502  0.48898373255224414
  0.50330298040077248  0.51720344011155317  0.53074229826426267  0.54395711667165225
  0.55701638551115240  0.57004856723073105  0.58311159506247257  0.59616204634132874
  0.60907336622768526  0.62177853860602150  0.63389702749955634  0.64556450358110662
  0.65685118139298715  0.66801760537115873  0.67891095828348902  0.68950966162397598
  0.69971561387827830  0.70981397469811303  0.71988500932639299  0.72982032451825263
  0.73946815333558713  0.74903128732151936  0.75857178234957434  0.76799089276620047
  0.77708631172958353  0.78601135032331126  0.79486398458555452  0.80356071176313792
  0.81198993306706357  0.82015231913607389  0.82813488840586902  0.83593256179988185
  0.84355062820469662  0.85090889814996262  0.85804184927558913  0.86493552450732991
  0.87163265691572778  0.87833656063553878  0.88495737579798017  0.89147875642792040
  0.89775716959776364  0.90374534202773926  0.90959634329742056  0.91533529871100971
  0.92076666605502711  0.92593317439176759  0.93095510063082620  0.93589279622410160
  0.94063153112411235  0.94517161248411841  0.94954946065875645  0.95376927186531035
  0.95784716197073616  0.96175779106365444  0.96553857406829136  0.96921697181726318
  0.97273928430484080  0.97606419474164519  0.97920320717396037  0.98216096264598030
  0.98493794379674093  0.98753853392223678  0.98997151561668784  0.99220512565527674
  0.99428020639550352  0.99625497611058067  0.99815562141979519  1.00000000000000000
 -0.02573407964114699  0.13628654114079203  0.18509293810190372  0.21776574071400334
  0.24430603436433537  0.26676202344556504  0.28569834419181073  0.30262701585980134
  0.31845405747432698  0.33374234049688234  0.34877647814783030  0.36291368223214437
  0.37613034816664881  0.38848196252837014  0.40033376295457762  0.41159469590406766
  0.42240861572160043  0.43303411206344500  0.44373243110803251  0.45464127520037040
  0.46529724324966604  0.47567841358879931  0.48517405956702858  0.49435870118229852
  0.50355174934284497  0.51281302005411566  0.52175073930432980  0.53051113042030096
  0.53913797526854212  0.54778167881702589  0.55636072984593066  0.56470264064344278
  0.57266405212972205  0.58030248893464420  0.58766418136885346  0.59488600611907205
  0.60218830603082563  0.60931237368966940  0.61614358510607192  0.62289385626930727
  0.62964032173495976  0.63653821086544748  0.64331697826817302  0.64966740995097416
  0.65552472124287320  0.66126694613192449  0.66688257748907287  0.67236673935180202
  0.67798841939890853  0.68371004302774563  0.68945859101395146  0.69510295181337323
  0.70062818319982489  0.70606858859970256  0.71142953991601354  0.71668862862547245
  0.72191750046722902  0.72716265524794632  0.73237232686770104  0.73749857359805404
  0.74248530878866636  0.74733618885952036  0.75215705788224241  0.75689656458982946
  0.76167378693694177  0.76648989769754428  0.77122643068817709  0.77586244617563160
  0.78041414715395918  0.78497519263639060  0.78953450448698681  0.79408088019903367
  0.79853825834327119  0.80295765489510318  0.80738702597646206  0.81187895300752744
  0.81647830124089371  0.82116498785696679  0.82588534768339850  0.83061675215044162
  0.83539852517475999  0.84027932475124001  0.84522440206717575  0.85020107294189373
  0.85534377264338046  0.86086863980825890  0.86648295912547835  0.87230218990930797
  0.87853954497788667  0.88527384554493638  0.89251233181393075  0.90091759304011498
  0.91088713676282762  0.92376006406771338  0.94272810485185210  1.00000000000000000
   5.5895208202965616       -1.0000000000000000     
 F F F F F F F F F F F F F F F F F F F F F F F F F F F F F F F F
  <DiscreteSampler_grid>
  grouped_processes
  1 # 1 for a reference and 2 for a running grid.
  10 # Attribute 'min_bin_probing_points' of the grid.
  1 # Attribute 'grid_mode' of the grid. 1=='default',2=='initialization'
  0.0000000000000000 # Attribute 'small_contrib_threshold' of the grid.
  0.5000000000000000 # Attribute 'damping_power' of the grid.
 # binID   n_entries weight   weight_sqr   abs_weight
    13   10   1.120213949229435E+011   1.000886558884927E+023   1.120213949229435E+011
    14   10   1.120213949229435E+011   1.000886558884926E+023   1.120213949229435E+011
  </DiscreteSampler_grid>
