  0.00709976312061136  0.01955092484219077  0.02899126238470045  0.03854002592728194
  0.04820234501223193  0.05792529433224881  0.06773833772488511  0.07762980898829502
  0.08767358529389559  0.09784206440780130  0.10819965427721830  0.11862875993587763
  0.12919883190400688  0.13987839042060982  0.15073999561737217  0.16168446996525340
  0.17277884951477221  0.18403651427592313  0.19550179560229849  0.20704622272504586
  0.21874100522082246  0.23052468445051408  0.24247810564163350  0.25456970459487893
  0.26675408090371033  0.27895048323439098  0.29120792114978811  0.30359420019893685
  0.31612779976687133  0.32878379157646531  0.34147859897940530  0.35420087706511916
  0.36695465216121981  0.37970347131827054  0.39242058091133419  0.40512330084772974
  0.41785343162509725  0.43059958648691637  0.44326605660798446  0.45584524393544712
  0.46841602891724460  0.48094285991488772  0.49342887492664278  0.50588968107121235
  0.51831127336349003  0.53063505615714679  0.54290761548088429  0.55506843375795001
  0.56706642371123206  0.57896849168431508  0.59070048339172088  0.60231861652610774
  0.61373469428585237  0.62511993425913170  0.63640471604969884  0.64757403955729953
  0.65856536635666585  0.66945372509309986  0.68018185601511505  0.69081784701616500
  0.70123923686780254  0.71155321757431911  0.72167299037498556  0.73173802651541198
  0.74166900500392685  0.75158595966823560  0.76132112863232848  0.77101717475504117
  0.78041508107781055  0.78977882822433454  0.79896526033403381  0.80806069038755701
  0.81701140657362537  0.82585601279059517  0.83462273008391519  0.84329859229008475
  0.85190785605511321  0.86041885581742761  0.86883598378331017  0.87714820071856847
  0.88536515651098302  0.89353122831198584  0.90157353324692457  0.90954002354450980
  0.91740125952023199  0.92516115186821268  0.93284903064647717  0.94042790835711199
  0.94790796893097495  0.95532264600628647  0.96267305735452258  0.96996844813277017
  0.97723975526782947  0.98426748250154261  0.99007856429853525  1.00000000000000000
 -0.00239092011198306  0.00940941365484613  0.01950927564429493  0.02993574051126614
  0.04041258426568416  0.05081814995166924  0.06125283413253641  0.07179249692365923
  0.08231468221306287  0.09294932437058369  0.10349610820335338  0.11414700585003032
  0.12475924554414215  0.13553235082431059  0.14613736600204039  0.15679736020074286
  0.16739331962941545  0.17803827398847499  0.18869304792362668  0.19937085339318175
  0.21007015253050532  0.22074472579763049  0.23142237171977756  0.24208997406827462
  0.25275587552385531  0.26342049347950092  0.27409301114401097  0.28471178922428325
  0.29526965684337253  0.30582536156798484  0.31630709495512543  0.32678541530334615
  0.33726945766293187  0.34782021250286216  0.35842546269074327  0.36906013477484412
  0.37966905378981469  0.39032961577122832  0.40102034147887411  0.41172554218969520
  0.42230031012240277  0.43278142847665496  0.44322239404479669  0.45368406471407202
  0.46413897398796011  0.47463849043744671  0.48515245214573938  0.49564466768185977
  0.50609075440146156  0.51657454634866795  0.52707465529358144  0.53754864563419935
  0.54793887762091853  0.55846625644501091  0.56896904616620536  0.57947261448274601
  0.58988674130200069  0.60042465143419610  0.61096531816271016  0.62152283411534481
  0.63196501005621375  0.64238443186395500  0.65283455884409303  0.66329716005774231
  0.67382756553438727  0.68432419518177878  0.69493063286114121  0.70545774925525417
  0.71592571467693766  0.72640100972181976  0.73696636564873663  0.74755587812606894
  0.75808411629557981  0.76862727762352101  0.77920888716111603  0.78976566274078874
  0.80043293668389870  0.81094236765606376  0.82146726504684364  0.83192936375874760
  0.84245450425141666  0.85296834186782466  0.86331127671394303  0.87368852068784919
  0.88408960690103200  0.89454004520840669  0.90504707858818056  0.91552276108217745
  0.92604456851020744  0.93660665975619595  0.94716250867982477  0.95774216011760316
  0.96828711590916672  0.97885266635276347  0.98940491824309107  1.00000000000000000
 -0.00151892187393460  0.00749399200486321  0.01593223060597578  0.02510963974878857
  0.03465124894660723  0.04450336993506122  0.05452570529082025  0.06468265697463040
  0.07495812696035267  0.08532652497162639  0.09564528039499659  0.10594190063200434
  0.11622485067809191  0.12649527685381254  0.13674434640323993  0.14699926171719910
  0.15732869261773322  0.16767971246563673  0.17804511838667278  0.18844781445337272
  0.19889368950590253  0.20934378836279011  0.21974144137603985  0.23014319115800075
  0.24056794576037704  0.25102274724892404  0.26146686461597179  0.27192497195538567
  0.28244276000295715  0.29291251411596136  0.30336818052301889  0.31381236187467382
  0.32431672351071744  0.33483854110832978  0.34534685752534722  0.35588239556445400
  0.36635516478666280  0.37678764112994600  0.38720111955032754  0.39770195140741199
  0.40827474084938398  0.41888403443142563  0.42954864508020929  0.44025340134669821
  0.45100333807705129  0.46166432173434319  0.47223992262494907  0.48273312273956681
  0.49322062405768780  0.50375198417092903  0.51427180971801145  0.52474519612007842
  0.53519102974468735  0.54569542797484760  0.55627603532930914  0.56683909691835088
  0.57736047490046161  0.58787327329117445  0.59837826446059172  0.60886749867186507
  0.61937506710591661  0.62990075100499343  0.64039924244021662  0.65088685766742216
  0.66131957380760875  0.67182001345769271  0.68230699720298538  0.69290731612067780
  0.70351694905994910  0.71418798991450061  0.72488599345642468  0.73564504108141782
  0.74640079730474584  0.75715341050704621  0.76789568661021135  0.77860700414898865
  0.78931971154997638  0.80002966119786023  0.81074387433094897  0.82144860725034330
  0.83218173552920893  0.84294534759558448  0.85373343684271941  0.86447747690756460
  0.87526172779859535  0.88606370115073629  0.89690546535138793  0.90773763475645286
  0.91858031926431161  0.92945724248822459  0.94035285746190711  0.95129849187453774
  0.96251692281693280  0.97406508123598101  0.98664778088769489  1.00000000000000000
  0.24924801650521489  0.26039988715775264  0.26966087847190345  0.27871402150470498
  0.28748099953492839  0.29588630198902471  0.30400832504736452  0.31194199826144575
  0.31952974089142122  0.32694182350642137  0.33418307033741212  0.34114071832302156
  0.34798502497537820  0.35470053523741824  0.36121562537034757  0.36762537498406850
  0.37395254731078698  0.38012189864903967  0.38619517737296205  0.39221765509748319
  0.39814185403556862  0.40397789363992254  0.40976301130020004  0.41549960678976255
  0.42114560880888868  0.42674063552519892  0.43229501583343555  0.43778913019411436
  0.44321475860149451  0.44860559210634221  0.45398673269091205  0.45932780999062373
  0.46459006813904880  0.46980843448135468  0.47500182504307392  0.48015435811830692
  0.48524461582905337  0.49029486549502715  0.49532876669832787  0.50033088601839404
  0.50528426562554574  0.51021549560072088  0.51514139305886208  0.52005477154177815
  0.52492033441614672  0.52974721727539986  0.53455943595715494  0.53936119692619300
  0.54415099459105531  0.54894233599408282  0.55374675934850359  0.55855170731089121
  0.56333781973818042  0.56808022589232421  0.57279201188474982  0.57748449470321639
  0.58216689279848965  0.58684546056816200  0.59148152397709275  0.59611544328907129
  0.60073046771558036  0.60536252135927693  0.60999054070468861  0.61461691136670227
  0.61920681973796743  0.62378190289554636  0.62832112311987853  0.63284384615494915
  0.63735006388476112  0.64182186869852476  0.64628607718995801  0.65075693469693541
  0.65522725849448926  0.65968311334228447  0.66412089318971634  0.66855848485651037
  0.67301384016350518  0.67748011348490456  0.68193629604800066  0.68636900563540604
  0.69078560554847346  0.69519778564222257  0.69960285513732023  0.70399689443506519
  0.70838518444459864  0.71277762413334000  0.71719052583187337  0.72161142500427033
  0.72601558412605582  0.73039265026048172  0.73472917011245420  0.73907420251053513
  0.74348311070573847  0.74780276817128222  0.74968690576492458  1.00000000000000000
   4.7666904741704872E-003  -1.0000000000000000     
 F F F F F F F F F F F F F F F F F F F F F F F F F F F F F F F F
  <DiscreteSampler_grid>
  grouped_processes
  1 # 1 for a reference and 2 for a running grid.
  10 # Attribute 'min_bin_probing_points' of the grid.
  1 # Attribute 'grid_mode' of the grid. 1=='default',2=='initialization'
  0.0000000000000000 # Attribute 'small_contrib_threshold' of the grid.
  0.5000000000000000 # Attribute 'damping_power' of the grid.
 # binID   n_entries weight   weight_sqr   abs_weight
    13   10   1.951046054996275E+008   5.270315604513038E+016   1.951046054996275E+008
    14   10   1.951046054996274E+008   5.270315604513036E+016   1.951046054996274E+008
    16   10   2.520971792180194E+008   8.931896380263856E+016   2.520971792180194E+008
    17   10   2.520971792180194E+008   8.931896380263854E+016   2.520971792180194E+008
  </DiscreteSampler_grid>
