  0.00000239255529617  0.00000240017924545  0.00000241175745451  0.00000242891627796
  0.00000244879016799  0.00000247038258272  0.00000249393399836  0.00000251894753132
  0.00000254432750284  0.00000257046689819  0.00000259817156676  0.00000262663208575
  0.00000265573344552  0.00000268523249942  0.00000271510392500  0.00000274699331076
  0.00000278127930725  0.00000281862812709  0.00000285747625040  0.00000289703138218
  0.00000293714809321  0.00000297798804163  0.00000302083970922  0.00000306411201149
  0.00000310800157550  0.00000315291705164  0.00000320078428474  0.00000325351774948
  0.00000331109709851  0.00000336965114686  0.00000342920476491  0.00000349045957437
  0.00000355360268277  0.00000361751279061  0.00000368191605497  0.00000375039327569
  0.00000383563121485  0.00000391923177350  0.00000400537155998  0.00000409430772136
  0.00000418529490333  0.00000428011448756  0.00000438385607648  0.00000449300298255
  0.00000460560462472  0.00000472012556203  0.00000483688767348  0.00000496061406950
  0.00000509606179085  0.00000524358640257  0.00000540058589258  0.00000556174329068
  0.00000572145747375  0.00000589890017633  0.00000608872902454  0.00000628833520479
  0.00000649516784656  0.00000670986884457  0.00000694721690403  0.00000721704509515
  0.00000749611752313  0.00000779165415241  0.00000813292002438  0.00000849547111277
  0.00000887021218250  0.00000927848945678  0.00000974827793661  0.00001024809321455
  0.00001078005572663  0.00001138793815955  0.00001201882170969  0.00001271852321828
  0.00001351190817825  0.00001435129507776  0.00001529755449321  0.00001634402587716
  0.00001754724882422  0.00001894829722814  0.00002051797356989  0.00002231334186614
  0.00002433544612741  0.00002660528213298  0.00002941511831737  0.00003277433340435
  0.00003662997207455  0.00004120890849863  0.00004717622265703  0.00005487331086041
  0.00006413400164785  0.00007691033871313  0.00009533235251207  0.00012355700518006
  0.00016625314888400  0.00023226839863022  0.00073760941574964  1.00000000000000000
 -0.00218655004225977  0.00996851911049438  0.02062922773023125  0.03100153560644752
  0.04157049817913424  0.05239193350263013  0.06306395852902420  0.07357436774871175
  0.08395326382343059  0.09416295941612840  0.10444542862892603  0.11462758833536031
  0.12446556184506309  0.13415082200525946  0.14402134333719244  0.15426312722213459
  0.16470135015853038  0.17490370950721471  0.18514570199818212  0.19551023259542427
  0.20599405391243128  0.21688210495357557  0.22786981243165724  0.23875104304941264
  0.24940053838490311  0.26004792175715019  0.27091468277308850  0.28200098192190959
  0.29302350240698577  0.30361853849912807  0.31428570002991707  0.32507888828939746
  0.33587546739312757  0.34648185865350339  0.35702824272744110  0.36718224408840361
  0.37698399479939437  0.38662349265149504  0.39644848111635356  0.40668798733221828
  0.41708487220991491  0.42783314361704050  0.43862394958445006  0.44924748521295216
  0.45995777833906387  0.47076686417975816  0.48163565518615797  0.49235799624909055
  0.50354737768293012  0.51521256299974794  0.52628627291787222  0.53699406407118344
  0.54731587582714814  0.55768607541552140  0.56810296012481443  0.57867415054223748
  0.58983220013535020  0.60096963392682490  0.61203177492694372  0.62296300355053402
  0.63365555361657699  0.64406437364642277  0.65422543477585471  0.66444451637845470
  0.67470848971962150  0.68485390683793212  0.69486425696957554  0.70490083381164248
  0.71540335478539652  0.72602618605014180  0.73671029718850445  0.74736281289763318
  0.75813130550561036  0.76927609064153035  0.77961198381904129  0.78963632352149360
  0.80007414244886299  0.81062187387771467  0.82134173010271994  0.83180940357692035
  0.84278595556531055  0.85370747801809155  0.86392884117686752  0.87449970162440338
  0.88502883350419259  0.89507381934417296  0.90506219925888232  0.91522627550730373
  0.92613105363995396  0.93695775466743014  0.94766295297217673  0.95827071965206823
  0.96890664820515027  0.97936276616561591  0.98976722890168045  1.00000000000000000
  0.00469524635562217  0.01717145790673573  0.03083347615345525  0.04490041631449838
  0.05888161465450423  0.07283974442060150  0.08674081569851136  0.10052741449377162
  0.11419219747708174  0.12759216685713762  0.14088799813784089  0.15411934910379013
  0.16748893231223017  0.18122242162888735  0.19478298217148549  0.20824220034755611
  0.22133036928186442  0.23418728334092911  0.24699699353283985  0.26010781170159869
  0.27324062805695404  0.28604143117997494  0.29870979543732806  0.31130971776378830
  0.32379361629384573  0.33612248733207301  0.34841635515417718  0.36069631135496305
  0.37291886270151681  0.38496068325065957  0.39677212047457322  0.40858906676245560
  0.42034866382207609  0.43206096719112069  0.44336502213628665  0.45452167621747436
  0.46554330756606888  0.47644728061247649  0.48746768581974376  0.49869918528421436
  0.51017946910835399  0.52169600659341775  0.53287039429889360  0.54383526028278339
  0.55440477648197373  0.56486994577991900  0.57545726426556643  0.58628711386452936
  0.59712423987626828  0.60775791672331381  0.61806856388127684  0.62815834042722485
  0.63803572411670817  0.64775306335051841  0.65742939044501836  0.66715360349659425
  0.67701891813794901  0.68684413771485764  0.69637929324845638  0.70579863815155286
  0.71533679112185766  0.72500187627322865  0.73466427800863277  0.74420333833039587
  0.75376098818121395  0.76323975104229358  0.77252495984326652  0.78161488240409283
  0.79082735191379128  0.80001175459135088  0.80911269387111751  0.81796187592863789
  0.82670029604766115  0.83542202421121792  0.84422992370257854  0.85311261497370572
  0.86204522600881728  0.87087273137746213  0.87951775970000745  0.88816572173520558
  0.89670322032538574  0.90479072203127930  0.91278605057916551  0.92029643843398523
  0.92752894854896095  0.93475976108881831  0.94187839580390320  0.94897892056108368
  0.95599869115356584  0.96279703687595242  0.96933238271685451  0.97568966943131996
  0.98195814001095649  0.98808139757497337  0.99403763501452991  1.00000000000000000
 -0.00503109361803127  0.08898552885144773  0.12264601299465347  0.14528496507623501
  0.16311735723467780  0.17847350696891401  0.19229022898435671  0.20500781071147692
  0.21671733218101497  0.22767196763827641  0.23767505725735752  0.24708716812162568
  0.25618001627955267  0.26516993062489369  0.27406271564495094  0.28278566731324756
  0.29131000165681997  0.29966079374762300  0.30774957309041084  0.31556591073195100
  0.32317660725849257  0.33076853472602913  0.33810153677418558  0.34522204532017270
  0.35234729860396830  0.35952172307070868  0.36674368716071953  0.37389570342484874
  0.38078801549709290  0.38749113673639723  0.39406847647343624  0.40045591148366971
  0.40678973924361622  0.41325306102674719  0.41954776861052367  0.42569615481244250
  0.43165426357914616  0.43745953336341903  0.44325065302224292  0.44916684053052502
  0.45513095932166014  0.46107295647224639  0.46676872568205136  0.47227609108879176
  0.47777055569115301  0.48341685926516115  0.48925872979153850  0.49516707340192456
  0.50109181465265040  0.50700571084181478  0.51294805735822979  0.51897256253224355
  0.52504032151014546  0.53122739533210428  0.53738477216526237  0.54351817562068350
  0.54956922440891620  0.55558902533797005  0.56161395396201930  0.56770175924038724
  0.57382542249895507  0.57995244005236035  0.58619418514672961  0.59246305861996473
  0.59879556785633870  0.60504856563284837  0.61124279273883397  0.61747768885940324
  0.62377848219519616  0.63028862436632194  0.63674195045798176  0.64317299951101159
  0.65016356959338317  0.65753604836162627  0.66515979359701183  0.67304578024207873
  0.68104047876754004  0.68918965231604923  0.69758527769942913  0.70616372451158660
  0.71472846684502545  0.72330546395580519  0.73214341904070779  0.74135135273490171
  0.75099821691927837  0.76089194166536511  0.77117886603264441  0.78208630287635361
  0.79391994854807024  0.80672531250586343  0.82046873231922179  0.83538906264436241
  0.85320537334215119  0.87569664226499544  0.90917536399749799  1.00000000000000000
   11369.242285947608       -1.0000000000000000     
 F F F F F F F F F F F F F F F F F F F F F F F F F F F F F F F F
  <DiscreteSampler_grid>
  grouped_processes
  1 # 1 for a reference and 2 for a running grid.
  10 # Attribute 'min_bin_probing_points' of the grid.
  1 # Attribute 'grid_mode' of the grid. 1=='default',2=='initialization'
  0.0000000000000000 # Attribute 'small_contrib_threshold' of the grid.
  0.5000000000000000 # Attribute 'damping_power' of the grid.
 # binID   n_entries weight   weight_sqr   abs_weight
    10   10   8.469955189694803E+010   1.668703012721352E+022   8.469955189694803E+010
    16   10   8.469955189694803E+010   1.668703012721352E+022   8.469955189694803E+010
  </DiscreteSampler_grid>
