  0.00000239491010043  0.00000243510464648  0.00000246498676489  0.00000248593432106
  0.00000250978918050  0.00000253448030182  0.00000256049667068  0.00000258767595441
  0.00000261551561483  0.00000264390740310  0.00000267309604064  0.00000270258787775
  0.00000273382793815  0.00000276647559946  0.00000280077768095  0.00000283794917563
  0.00000287595077780  0.00000291470935912  0.00000295516642839  0.00000299689841499
  0.00000303955498409  0.00000308321072638  0.00000312733913977  0.00000317412184846
  0.00000322300273270  0.00000327770947744  0.00000333520246680  0.00000339296637059
  0.00000345161845854  0.00000351237940527  0.00000357454674544  0.00000363861610155
  0.00000370523376889  0.00000377755548426  0.00000385589295367  0.00000393611593678
  0.00000401733575816  0.00000410197166227  0.00000418709076505  0.00000427405918746
  0.00000437123260313  0.00000447791649923  0.00000458760571955  0.00000470092361801
  0.00000481693951258  0.00000493136768121  0.00000506225870309  0.00000520225364765
  0.00000534854573146  0.00000550025253109  0.00000565684961062  0.00000582029000093
  0.00000599725783753  0.00000619256692292  0.00000639153071000  0.00000659558168958
  0.00000681891200062  0.00000706400609204  0.00000732295718577  0.00000758739710918
  0.00000787510814453  0.00000819473656833  0.00000853965563335  0.00000890345671397
  0.00000930806565058  0.00000975709073461  0.00001022448626013  0.00001073605787765
  0.00001131825525663  0.00001194165424899  0.00001261345663619  0.00001336230152265
  0.00001417100928532  0.00001510276564702  0.00001612461410908  0.00001726237049544
  0.00001854526118829  0.00001995636799355  0.00002165664274028  0.00002355735707508
  0.00002589974462636  0.00002856636765143  0.00003162032546228  0.00003531869626007
  0.00003989835609586  0.00004543493952021  0.00005268152246456  0.00006269241744635
  0.00007602266894827  0.00009718188907534  0.00012791790149915  0.00017434750049369
  0.00024764508557465  0.00043202833665732  0.00260343936757073  1.00000000000000000
 -0.00241750938642055  0.01006515871799254  0.02061956840122892  0.03146411098170772
  0.04236096686826490  0.05298221666876582  0.06342110013061329  0.07381164800616707
  0.08429643596962536  0.09506261154598235  0.10581425215082982  0.11640503691474338
  0.12677700138974618  0.13682994044881178  0.14699703287614083  0.15706183318745875
  0.16713996579552690  0.17724567794899143  0.18760257263833199  0.19857080053128670
  0.20955844330046405  0.22025163888795626  0.23107495257410324  0.24214539179919084
  0.25316965111738199  0.26403587353841307  0.27502576018210478  0.28581679287057798
  0.29673979361329250  0.30753424598285772  0.31851464112148481  0.32943502391870022
  0.34040929540132198  0.35153600405749647  0.36243062076197413  0.37338094341234829
  0.38417193651600989  0.39496514387693182  0.40590851225949559  0.41664260947501380
  0.42722872583787758  0.43769656956643516  0.44795768772615380  0.45810905067734309
  0.46812402842407058  0.47810744060897326  0.48810278453836048  0.49815901762606835
  0.50850097647211412  0.51908767069516215  0.52945426711894561  0.53974289319312396
  0.54997130349704060  0.56048421761923473  0.57100309302195162  0.58157727659847758
  0.59233486781155198  0.60311850740536166  0.61345442902059921  0.62366148520620801
  0.63379682470945842  0.64390537225152689  0.65402756808656282  0.66412329148763682
  0.67443578028089701  0.68487181561729349  0.69533638282777988  0.70600991394371149
  0.71662959415252048  0.72738357218664462  0.73778556044191035  0.74821794670137132
  0.75866350746646127  0.76940001870913100  0.77988287117851984  0.79043681672595745
  0.80092867416109026  0.81143716455048065  0.82181030858945525  0.83195467965366987
  0.84235418819716790  0.85258484030578607  0.86326014575106724  0.87390920707800945
  0.88448316278599870  0.89520392182541964  0.90567711855125854  0.91633898006784886
  0.92660876797426894  0.93695059796270663  0.94717599645158557  0.95728205219568607
  0.96785521380508477  0.97859094837321592  0.98937813064409441  1.00000000000000000
  0.00161079390549246  0.01390335885944674  0.02699034691237925  0.04062177674830592
  0.05439213147595105  0.06831355401909051  0.08219862430993069  0.09591711552267113
  0.10969270764839613  0.12341995971957261  0.13701193409055926  0.15051316474763513
  0.16390637857534329  0.17739015478226430  0.19083116350671173  0.20423574154438082
  0.21754945660007940  0.23054234788595357  0.24339720476734780  0.25627594895100597
  0.26929796249516696  0.28225705305180498  0.29494254431425088  0.30745348123709210
  0.31988986373850170  0.33240286070149377  0.34502475011334166  0.35766012864131524
  0.37014071193408182  0.38220567656609622  0.39415970358196828  0.40633305669630210
  0.41838289427570718  0.43010166862688209  0.44173959591953044  0.45338451161078114
  0.46487605919015229  0.47611918257581815  0.48741615724412013  0.49863305593936791
  0.50969866884963000  0.52060911134903864  0.53153500328417280  0.54238043131934466
  0.55307679043105085  0.56370807394680611  0.57436744018446440  0.58497342730572521
  0.59541809651731925  0.60590364671792107  0.61656287871200821  0.62729001114390626
  0.63788557088316122  0.64830181845086998  0.65868140524790375  0.66894928330108405
  0.67881635223850967  0.68849642108141440  0.69798709767993239  0.70737469559999333
  0.71668631906415148  0.72593569708034245  0.73532715439596541  0.74474378251277940
  0.75412082778724887  0.76358873136373684  0.77288240053498514  0.78222496700215960
  0.79149465578900657  0.80086657138719719  0.81020737508069551  0.81929995271062994
  0.82826354592487617  0.83704359423465546  0.84571809392919839  0.85422186733973771
  0.86251965142208498  0.87078152585193780  0.87895274097422160  0.88689548875341118
  0.89460360326479227  0.90221614502004310  0.90983519760442999  0.91741385448142088
  0.92495906271093331  0.93233780186170756  0.93960569880883071  0.94679525422707544
  0.95373991102742617  0.96055969608607905  0.96719899037799895  0.97375192963169732
  0.98026943370506103  0.98680992761231934  0.99342736125969555  1.00000000000000000
 -0.00658037608189290  0.08739890574981531  0.12234900758158247  0.14459739536701216
  0.16219726252876068  0.17752857664316421  0.19136931063699072  0.20429885368506187
  0.21637855511974619  0.22773359826587208  0.23826318979750521  0.24833549522552742
  0.25786743644855981  0.26703158665692744  0.27564788303325416  0.28379202455663849
  0.29188054935200008  0.29985158891216651  0.30778838209363973  0.31553654268051984
  0.32312396348721184  0.33063490599005985  0.33810877167243658  0.34552306964842738
  0.35283479732648798  0.35999528067958253  0.36699319157450211  0.37384445625419693
  0.38051457934543642  0.38713052676662002  0.39370321329293229  0.40017646607300461
  0.40642455658752918  0.41273389912692898  0.41900708614412174  0.42518511071390064
  0.43136308864475154  0.43736482530046328  0.44303112137878353  0.44860242424693331
  0.45424828213635021  0.45998224318441655  0.46574405206247033  0.47148433707026172
  0.47719793874639865  0.48288401883418236  0.48859191297789301  0.49429566172709194
  0.50001149571286718  0.50596823511729683  0.51190464995303642  0.51788695823987496
  0.52384637856750937  0.52977848737617683  0.53570002383507442  0.54168955519273221
  0.54781870085695106  0.55402530639373315  0.56027812187910642  0.56661765691927279
  0.57301494224539518  0.57944239370049799  0.58592550978534419  0.59246611004173588
  0.59904731048653714  0.60550660912166931  0.61206615339024240  0.61865253631317019
  0.62550800977245291  0.63241512067081385  0.63931966393141137  0.64614055144583993
  0.65289647427809916  0.65971161325528871  0.66671832255414187  0.67406733324553114
  0.68158927803080149  0.68916738441768333  0.69680973348718678  0.70459994667281689
  0.71278172181087929  0.72138068998564342  0.73027084031864531  0.73952351791315507
  0.74926202121163832  0.75942593526447866  0.77007948921228175  0.78125031216041041
  0.79313047078173027  0.80576992175453821  0.81966170515160486  0.83491498683704390
  0.85287310474440869  0.87485768266744224  0.90759885512872862  1.00000000000000000
   3321.0818681804099       -1.0000000000000000     
 F F F F F F F F F F F F F F F F F F F F F F F F F F F F F F F F
  <DiscreteSampler_grid>
  grouped_processes
  1 # 1 for a reference and 2 for a running grid.
  10 # Attribute 'min_bin_probing_points' of the grid.
  1 # Attribute 'grid_mode' of the grid. 1=='default',2=='initialization'
  0.0000000000000000 # Attribute 'small_contrib_threshold' of the grid.
  0.5000000000000000 # Attribute 'damping_power' of the grid.
 # binID   n_entries weight   weight_sqr   abs_weight
    10   10   5.426245903122743E+010   8.586351762066445E+021   5.426245903122743E+010
    16   10   5.426245903122743E+010   8.586351762066442E+021   5.426245903122743E+010
  </DiscreteSampler_grid>
