  0.00000240797567755  0.00000248365486045  0.00000253668977809  0.00000258440661666
  0.00000263316353196  0.00000268163483105  0.00000273079835653  0.00000278105801814
  0.00000283515333169  0.00000288838626166  0.00000294164726468  0.00000299556643225
  0.00000305008435679  0.00000310514846270  0.00000316130979508  0.00000321978435373
  0.00000328211288504  0.00000334689566288  0.00000341242326442  0.00000347881169662
  0.00000354593706918  0.00000361347349576  0.00000368321081321  0.00000375875809154
  0.00000383719274186  0.00000391960976889  0.00000400262239317  0.00000408677201632
  0.00000417220704388  0.00000425871380045  0.00000435096037280  0.00000445424977178
  0.00000456039648387  0.00000466664721887  0.00000477665922498  0.00000488809954665
  0.00000500308082565  0.00000513128933861  0.00000526809263624  0.00000540644530558
  0.00000554858945687  0.00000569465077051  0.00000584528866678  0.00000601956752663
  0.00000620193751796  0.00000638784273060  0.00000657666971198  0.00000678088319279
  0.00000700319010017  0.00000724139230041  0.00000749040685562  0.00000775015249478
  0.00000803266278619  0.00000834139455924  0.00000866572684532  0.00000900341044541
  0.00000936262851686  0.00000978243947734  0.00001020656377785  0.00001066616236869
  0.00001117440616647  0.00001171975890191  0.00001229185290603  0.00001292363700702
  0.00001361737545453  0.00001433293013509  0.00001516404209768  0.00001605002490738
  0.00001702745692067  0.00001813537490198  0.00001933785953628  0.00002068928759508
  0.00002217909955468  0.00002387662610940  0.00002579881660413  0.00002794925722480
  0.00003022734307963  0.00003263089713448  0.00003527466123507  0.00003841730638299
  0.00004201181357269  0.00004630973726295  0.00005143598022812  0.00005747132630591
  0.00006440175938408  0.00007288812955230  0.00008469199417071  0.00010205403649885
  0.00012275058666219  0.00014779172567638  0.00018340654483393  0.00023142393181259
  0.00032151397957631  0.00066726247046590  0.00350684696899443  1.00000000000000000
 -0.00243036047202792  0.00961875426594002  0.01989276595633360  0.03053080965712699
  0.04128648234490294  0.05218727021201131  0.06305779848173781  0.07363911037342659
  0.08411782670884135  0.09454132673427833  0.10505559404948210  0.11569601957849297
  0.12624588667070910  0.13660008491732800  0.14681077268412498  0.15701661768554723
  0.16718751347553396  0.17728288327051819  0.18744937219076810  0.19781002466254660
  0.20826801668703751  0.21870371090582527  0.22920262224775337  0.23988437147023978
  0.25041203728172245  0.26085821455126934  0.27116245357765351  0.28195698072647180
  0.29264511686291728  0.30321785227541065  0.31390177762822524  0.32464175906780374
  0.33515319233450064  0.34520913853155322  0.35525614412498030  0.36553556864257475
  0.37598882684492568  0.38629129787057676  0.39670212235780206  0.40719423564057861
  0.41762465274867083  0.42806432475611772  0.43841974532174710  0.44908287779298522
  0.45955060587515445  0.46995304579512714  0.48024276265711247  0.49088901105941746
  0.50145169231705655  0.51207531813208340  0.52258766184954375  0.53341229131397749
  0.54419593915794851  0.55474039283404641  0.56545069014319171  0.57628710272019568
  0.58720156027239978  0.59804770920931560  0.60900422906607110  0.61994255848247992
  0.63067867608523798  0.64110205013907828  0.65149435539458811  0.66182400819947385
  0.67254829069465427  0.68336397838198337  0.69422809884937664  0.70509949066297972
  0.71585431261459531  0.72671759711787420  0.73717603772780549  0.74765866028592054
  0.75806407010531929  0.76840875878207737  0.77875943503704603  0.78925169925627359
  0.80028057921115880  0.81154373524654144  0.82251991747967246  0.83306557440951778
  0.84357504553445251  0.85422143817119545  0.86494877839262263  0.87552443083427056
  0.88586735214289136  0.89643087307580083  0.90692158049902172  0.91743131825899871
  0.92772890838655897  0.93790645774449688  0.94821588941996460  0.95824840945188983
  0.96867597615382650  0.97890173145609793  0.98948278109404486  1.00000000000000000
 -0.00101219740331584  0.01236068788881999  0.02464338794797817  0.03675795619025049
  0.04892448818305270  0.06097352135397911  0.07293537880981188  0.08471012605238702
  0.09625416736452910  0.10762132517849711  0.11891718233881998  0.13032871162546664
  0.14171621467155437  0.15297292702111254  0.16412687726802228  0.17522284329086896
  0.18636820096405196  0.19754299973893388  0.20860646187584891  0.21946335232541739
  0.23020543585981415  0.24091405708907165  0.25144005222486360  0.26171276015102357
  0.27192801586321985  0.28222569432560723  0.29250813161510408  0.30267399773768638
  0.31284587045152545  0.32328675343580748  0.33381890034168327  0.34430065623031525
  0.35452175358417992  0.36475139750049923  0.37505690413318638  0.38533022405533562
  0.39560881434130624  0.40562839685166618  0.41556304181258369  0.42544855561907735
  0.43528615388958608  0.44519086863541596  0.45507504127258602  0.46490908785418872
  0.47459303375139256  0.48404422823324111  0.49338548678842820  0.50285760916219446
  0.51250452357952114  0.52210819728446667  0.53152891903833444  0.54087367169302913
  0.55029645700244623  0.55975710561748782  0.56919334669365373  0.57859918502291141
  0.58790640803109939  0.59710057516034287  0.60632949863414498  0.61565635290881815
  0.62498890751795722  0.63422945155168420  0.64346197729197563  0.65270748756198094
  0.66193036086444967  0.67108757255116636  0.68029285361906222  0.68956167086424980
  0.69876547499135433  0.70783401176655669  0.71688385944225941  0.72582083904212535
  0.73501541667987602  0.74423361196295301  0.75368330996643018  0.76300044913449083
  0.77239235414456775  0.78185699995736968  0.79143109045010018  0.80105379188255044
  0.81077730073398335  0.82078404097986501  0.83094875486442632  0.84118430439285818
  0.85144931540858926  0.86186545678907667  0.87244808190942802  0.88320041913126923
  0.89423099217328739  0.90563896951812117  0.91749981280363191  0.93002768332270280
  0.94347432720174629  0.95854404635579515  0.97705917582248247  1.00000000000000000
 -0.01345454341732496  0.08503379639321940  0.11833585754194562  0.14004871496717236
  0.15785211722917758  0.17331648954295861  0.18725580579925657  0.20007606925981589
  0.21209533509001724  0.22344461430259688  0.23414473096494298  0.24440213332704031
  0.25423610360943882  0.26372117581572546  0.27283819970533002  0.28155932783512061
  0.28998089334888910  0.29808918404393714  0.30598175161648694  0.31368610001539110
  0.32117590681149183  0.32852631953654504  0.33580303818906976  0.34300925975079721
  0.35013544148796599  0.35714666874183937  0.36403054959006181  0.37089110465144326
  0.37762628739030851  0.38414707069466342  0.39063964243545735  0.39698494305750187
  0.40317206342698803  0.40929898028145911  0.41540271641641474  0.42156939572588586
  0.42779636797244341  0.43400211382883686  0.44017746368901484  0.44628854398390883
  0.45236995357683302  0.45849009311272204  0.46462371287759108  0.47074553013729453
  0.47687672021862165  0.48299684176985858  0.48913121136352022  0.49524802370675852
  0.50140682234752887  0.50760178555381941  0.51376533873471719  0.51991138329562847
  0.52611779658884728  0.53241374714825751  0.53876964240299996  0.54505951308169065
  0.55127863570290814  0.55749798085242075  0.56375566788903286  0.57006837193553728
  0.57641567249487025  0.58282506747544061  0.58928229819672640  0.59580207402924212
  0.60225197433319888  0.60878626816944414  0.61536256304215942  0.62208575579359049
  0.62885667616995722  0.63566100846034623  0.64249072868896351  0.64935470675573947
  0.65629094595605786  0.66331065366721265  0.67046285258242999  0.67775179723256773
  0.68514502968584734  0.69287085883083765  0.70091385916356874  0.70914702351960390
  0.71766168627381210  0.72637628929694631  0.73540658260890845  0.74481869056603123
  0.75463947848505175  0.76492474313396852  0.77554238578447521  0.78659761870847533
  0.79846232879742762  0.81138639519304867  0.82560321161037298  0.84131728121014504
  0.85918475239669090  0.88072080176476686  0.91266761276261499  1.00000000000000000
   20.473163919597145       -1.0000000000000000     
 F F F F F F F F F F F F F F F F F F F F F F F F F F F F F F F F
  <DiscreteSampler_grid>
  grouped_processes
  1 # 1 for a reference and 2 for a running grid.
  10 # Attribute 'min_bin_probing_points' of the grid.
  1 # Attribute 'grid_mode' of the grid. 1=='default',2=='initialization'
  0.0000000000000000 # Attribute 'small_contrib_threshold' of the grid.
  0.5000000000000000 # Attribute 'damping_power' of the grid.
 # binID   n_entries weight   weight_sqr   abs_weight
    10   10   1.548930316889522E+009   9.663526535092818E+018   1.548930316889522E+009
    16   10   1.548930316889521E+009   9.663526535092808E+018   1.548930316889521E+009
  </DiscreteSampler_grid>
