  0.00000372151487053  0.00000667258098317  0.00001209744273310  0.00001737276101902
  0.00002213324910184  0.00002670999113589  0.00003126314593751  0.00003586669357823
  0.00004053377400740  0.00004530940939916  0.00005017113695771  0.00005507044714123
  0.00005998417712948  0.00006490926448547  0.00006986353796397  0.00007488837328607
  0.00008003730570070  0.00008531350184343  0.00009072505554754  0.00009630910545659
  0.00010207549751615  0.00010800398245607  0.00011409825157369  0.00012032139503796
  0.00012669303527016  0.00013310894645128  0.00013961748360222  0.00014625635514777
  0.00015303023342834  0.00015988509988537  0.00016674296833973  0.00017362776860054
  0.00018066543232093  0.00018785382768049  0.00019528428587359  0.00020315274923349
  0.00021140572156154  0.00021981853892148  0.00022876885715364  0.00023772215428780
  0.00024716178902836  0.00025675541236923  0.00026667283780301  0.00027705450010656
  0.00028776520984818  0.00029904136146085  0.00031077439262121  0.00032298407282927
  0.00033598978806733  0.00034969087743367  0.00036410490272562  0.00037918117886916
  0.00039492767781093  0.00041157488081769  0.00042915299402182  0.00044780555210870
  0.00046752385379597  0.00048846901398532  0.00051045973029133  0.00053329598263962
  0.00055712474597326  0.00058186135297623  0.00060862190148520  0.00063706312821780
  0.00066708026507455  0.00069892244500678  0.00073368031005385  0.00077164614686989
  0.00081286832586257  0.00085714741949555  0.00090430545483430  0.00095651843595207
  0.00101237166384841  0.00107425485359548  0.00114110640495937  0.00121450459605334
  0.00129624687582175  0.00138829927680081  0.00149417125657532  0.00161175342355215
  0.00174651506215618  0.00189913099787508  0.00208005098223844  0.00229047465356666
  0.00252376839719583  0.00279646176983292  0.00314408746318080  0.00360142626435960
  0.00423858383224038  0.00505102487185745  0.00613424631138469  0.00755142389481295
  0.00979132618808127  0.01732713336025548  0.18833692955278161  1.00000000000000000
 -0.00243621586040649  0.00930979005419628  0.01936163873081581  0.02966266390669980
  0.03998551323973505  0.05043632551067700  0.06093843690737843  0.07157991981587451
  0.08222017808496454  0.09288520636148402  0.10365591453999994  0.11414779634645990
  0.12447072163420861  0.13495901356216622  0.14535190969054204  0.15592729578092027
  0.16640894968624514  0.17701173610395235  0.18777955890100548  0.19849303587191514
  0.20935279912704557  0.22018266857284283  0.23087254064701992  0.24140517389191252
  0.25195698258514315  0.26250652998191309  0.27324547599565074  0.28383877276311792
  0.29446683834883947  0.30494324623266966  0.31536526200934195  0.32588368658887767
  0.33648106652068871  0.34707868512687529  0.35779273805541739  0.36855372894001126
  0.37925413330590124  0.38966287748172962  0.39993016463876174  0.41017817203210905
  0.42057964814324877  0.43094222768465712  0.44129007901952993  0.45159614278126192
  0.46211980476519982  0.47290015067796459  0.48361488755176579  0.49417229383773625
  0.50470124562054564  0.51537851902374887  0.52597306227490759  0.53643651362688061
  0.54680800676516728  0.55717606184285784  0.56747342989628180  0.57778904066717751
  0.58803347859917832  0.59837268892199413  0.60873607477139879  0.61918893297301714
  0.62961747361887510  0.63998540824249917  0.65052530832387045  0.66108120319815178
  0.67184058238770394  0.68265165283727836  0.69337786803002233  0.70402635133183089
  0.71477508927515165  0.72563639187945184  0.73608816666402099  0.74657340468458988
  0.75718095469829438  0.76785782252455492  0.77841144688040409  0.78892567180524686
  0.79962778296330395  0.81033239992813411  0.82059011364737489  0.83101090274933165
  0.84128603607387298  0.85164875112588001  0.86191788209977838  0.87225068970729347
  0.88266834748345446  0.89309435137156823  0.90343578259607848  0.91397628358141447
  0.92467754457593632  0.93557082579040074  0.94644090109366796  0.95712064485519222
  0.96798605836272444  0.97865776396501325  0.98934901538340114  1.00000000000000000
 -0.00392725179428223  0.02426193183526727  0.04489027194930925  0.06232901313792729
  0.07817981789116250  0.09278628516310146  0.10644026188147342  0.11935591552620640
  0.13157565481632991  0.14328465486051709  0.15467872552681802  0.16581153890154324
  0.17687167805080212  0.18761912921211429  0.19806385510658250  0.20818938610444113
  0.21807657955170859  0.22781514063861880  0.23735468209825106  0.24688087575568535
  0.25620847791881740  0.26541610129074322  0.27430000617644046  0.28295697480874371
  0.29164975300705526  0.30033374988394229  0.30905550353329553  0.31766531987819263
  0.32611872699342237  0.33446577665272420  0.34304973401985522  0.35150560223551480
  0.35993121247335069  0.36822352890331861  0.37641912144082357  0.38453829552219826
  0.39255046701496621  0.40041329864594610  0.40810821732479630  0.41578691702498760
  0.42346987232475719  0.43114147341458153  0.43887346192663923  0.44670484172899960
  0.45460597369393463  0.46255002727476902  0.47072153807965234  0.47874429187286432
  0.48677299961923393  0.49471639377728566  0.50263830534460496  0.51061981651258781
  0.51860797290044902  0.52657473224046647  0.53449917019715343  0.54240519670805365
  0.55029324225735710  0.55815576450714177  0.56599755417632758  0.57377782486525042
  0.58149371008693529  0.58923222614839899  0.59703378612429225  0.60500028789883886
  0.61314733871575877  0.62146996115901110  0.62983909376252134  0.63824411770030232
  0.64660162974905921  0.65492516258384459  0.66334356528792560  0.67183325123549609
  0.68036603963542974  0.68890692175410617  0.69761935799590158  0.70637816272719134
  0.71549926653827922  0.72476279761440310  0.73421303953906936  0.74383887654152736
  0.75360336427259100  0.76343833556332952  0.77344372795336480  0.78363559083991852
  0.79425743951793759  0.80518249735713887  0.81668130434199016  0.82889052990611600
  0.84210870942965399  0.85575147812582419  0.86983897609555361  0.88523028391594749
  0.90258702906633548  0.92313320358969653  0.95090713683036232  1.00000000000000000
 -0.01887632553709592  0.10914855711667774  0.14510879803415860  0.16714596566372314
  0.18440631866969193  0.19931765715446634  0.21255240988333834  0.22464896331850365
  0.23570513862099496  0.24599497897166939  0.25558655302698979  0.26478062172098238
  0.27366267902907787  0.28232216436999058  0.29076990919819301  0.29891256716813353
  0.30681346403240584  0.31444418660923967  0.32179385631226409  0.32891603560201949
  0.33584791827558341  0.34260842287323490  0.34931684794303974  0.35593082202083814
  0.36245523575843575  0.36896144695327943  0.37540971643161869  0.38172923109094881
  0.38792754086946374  0.39401008259663961  0.39994993375823451  0.40578582991785028
  0.41168671585696476  0.41758405812439570  0.42356270815025165  0.42943330257545942
  0.43522046452248969  0.44084001212931978  0.44638572170887675  0.45195229630208150
  0.45753686573722874  0.46315178465256462  0.46877195328750648  0.47437636548166440
  0.47997572950993000  0.48550587652810856  0.49101257028876455  0.49650411723269078
  0.50195123293374344  0.50735758949596887  0.51279700390439531  0.51820325470012696
  0.52367578966887440  0.52916264529646995  0.53463733715680772  0.54013937470188256
  0.54572213945160275  0.55137154626937934  0.55700101929069556  0.56261078586547053
  0.56836292886106476  0.57414830600710920  0.57997574056301915  0.58584024519280808
  0.59173710623383124  0.59772396328075739  0.60379729758635525  0.61000466459661873
  0.61619575116014169  0.62237818025250269  0.62864049219152029  0.63503218304420073
  0.64157101760058388  0.64826864075941870  0.65511316889677151  0.66207030347041862
  0.66916604702339400  0.67642392041084065  0.68382513690917024  0.69138178701279285
  0.69915171994630587  0.70711628119435677  0.71539928036936296  0.72397445076417410
  0.73291040060548729  0.74230370437114013  0.75213030350253640  0.76258727933252102
  0.77377413169706144  0.78593124648392543  0.79933569543840099  0.81440499240331410
  0.83175107285610550  0.85404598196969195  0.89068975907827386  1.00000000000000000
   2.3752958224049071E-003  -1.0000000000000000     
 F F F F F F F F F F F F F F F F F F F F F F F F F F F F F F F F
  <DiscreteSampler_grid>
  grouped_processes
  1 # 1 for a reference and 2 for a running grid.
  10 # Attribute 'min_bin_probing_points' of the grid.
  1 # Attribute 'grid_mode' of the grid. 1=='default',2=='initialization'
  0.0000000000000000 # Attribute 'small_contrib_threshold' of the grid.
  0.5000000000000000 # Attribute 'damping_power' of the grid.
 # binID   n_entries weight   weight_sqr   abs_weight
    10   10   3.289384967445550E+008   2.102227248803100E+017   3.289384967445550E+008
    16   10   3.289384967445551E+008   2.102227248803100E+017   3.289384967445551E+008
  </DiscreteSampler_grid>
