  0.00000235969478423  0.00000825959235955  0.00001367001358534  0.00001852705873269
  0.00002307331629874  0.00002754725050399  0.00003199387640972  0.00003652841753556
  0.00004101876657727  0.00004554079659693  0.00005015576403344  0.00005487275953168
  0.00005966945420030  0.00006456413962178  0.00006944426375517  0.00007444822535095
  0.00007958251613774  0.00008489208746420  0.00009029860834666  0.00009575579678666
  0.00010125923662273  0.00010678034614880  0.00011230446098195  0.00011796585914508
  0.00012381203435426  0.00012979548472135  0.00013596254031312  0.00014246299882305
  0.00014921454896517  0.00015610161219492  0.00016308453103034  0.00017012375466160
  0.00017731479180048  0.00018474496441509  0.00019233687485579  0.00020009312327950
  0.00020792937022341  0.00021586697611492  0.00022435395801242  0.00023308237175412
  0.00024215300468701  0.00025147760136014  0.00026100064865092  0.00027116344441651
  0.00028187579651448  0.00029295535012145  0.00030449528703087  0.00031643655459468
  0.00032877338621380  0.00034165345161942  0.00035498137555442  0.00036918027556389
  0.00038385780073434  0.00039900860757525  0.00041476657199389  0.00043111928228916
  0.00044836426870780  0.00046610848963104  0.00048480734292551  0.00050494079091192
  0.00052687543355925  0.00055062569003789  0.00057547586440247  0.00060101452329656
  0.00062796861147058  0.00065631670498502  0.00068700354320949  0.00071954625017984
  0.00075521751979114  0.00079324955952752  0.00083375354011599  0.00087659712745559
  0.00092296506167059  0.00097484385773625  0.00103207304899690  0.00109693051515066
  0.00116774268732298  0.00124708364157340  0.00133327200421346  0.00142861149588581
  0.00153700471617902  0.00165735239127230  0.00178710796752828  0.00194032943225777
  0.00211371015446473  0.00231067356471011  0.00253062197513738  0.00278157489817198
  0.00308151081047531  0.00348655122995728  0.00401647817061893  0.00463544860439907
  0.00541397476226190  0.00653876526841667  0.12506915317400330  1.00000000000000000
 -0.00231385504968355  0.01010188256155735  0.02095037780764006  0.03210032981572294
  0.04343989075899044  0.05440540301226259  0.06515175598878600  0.07559577044724872
  0.08624432822999081  0.09669200697231944  0.10713536022427698  0.11742487817567218
  0.12763212377325223  0.13764187787494508  0.14761962120082975  0.15765135443075690
  0.16760168065461800  0.17755910698186184  0.18759441552616704  0.19809379503751876
  0.20874781468458911  0.21933718705064267  0.22986939707842483  0.24084486894985629
  0.25168220049511297  0.26280816445984473  0.27378357139807608  0.28483523551991030
  0.29566099946337898  0.30638090249783584  0.31720447405283536  0.32821063556607188
  0.33890766258271016  0.34954474059486973  0.36003691549394695  0.37048016663865180
  0.38084289886004569  0.39113344402375816  0.40152199876247230  0.41183631050293795
  0.42236941238156439  0.43311355308534250  0.44401194469060912  0.45506022487706244
  0.46587346102272836  0.47667576241996390  0.48721039918796222  0.49764532786872612
  0.50804067935486519  0.51855904128045816  0.52921304762495813  0.53972253348390997
  0.54991850647862695  0.55989022628350227  0.57004444387644493  0.58017343070305261
  0.59059775142912663  0.60085224598288933  0.61158657691921281  0.62215384020254882
  0.63311035977016339  0.64404783026227308  0.65448305530253792  0.66463796289305543
  0.67473216600580643  0.68497840139655075  0.69529960539645097  0.70544817487400135
  0.71558404184112656  0.72574145461306250  0.73619115546269909  0.74722295447461695
  0.75832544189250362  0.76912360802728830  0.77986766678883646  0.79081544717370611
  0.80143299261348522  0.81195003887987505  0.82212206267414145  0.83224633954663818
  0.84219504635543163  0.85247232756526037  0.86275882712560326  0.87306869898542727
  0.88333514701401428  0.89356834766225290  0.90399393709660225  0.91449183000244494
  0.92514340277750196  0.93601117220047503  0.94654120758388183  0.95713816437646881
  0.96774860644481542  0.97852409526274708  0.98925753387037008  1.00000000000000000
 -0.00314616823716987  0.02390907546906856  0.04396875896257679  0.06086875382824042
  0.07637246153718355  0.09073611488956999  0.10449463033248579  0.11779866089495730
  0.13037991748932456  0.14215499840963017  0.15363510367252503  0.16502268896301955
  0.17598223407570274  0.18654442016060940  0.19685191816171113  0.20717104389456625
  0.21731324581058425  0.22736222254541863  0.23703794859317162  0.24668747475702060
  0.25621864623223911  0.26562445200077406  0.27500438526957738  0.28412569527112885
  0.29319167402984564  0.30210216370366494  0.31090886403363688  0.31961944482134086
  0.32823855055432627  0.33668906099235080  0.34494418045170389  0.35309332760368695
  0.36117533096313975  0.36929631946514829  0.37748312145576490  0.38559246933338476
  0.39351343134079936  0.40141402735333265  0.40947284040268928  0.41753363801052007
  0.42566914136495848  0.43381648183005528  0.44189855889739121  0.44997220464929749
  0.45798720143347443  0.46618034273886061  0.47446709315385815  0.48255088385384531
  0.49060044032893502  0.49865179063816883  0.50671972040708246  0.51471886415951407
  0.52247836189539287  0.53005201737995045  0.53759667875399075  0.54515272248407942
  0.55274015343670446  0.56036251326904329  0.56801620630570659  0.57570107698686857
  0.58337612740508971  0.59104521773851049  0.59875429891097165  0.60655892159572700
  0.61437944607657591  0.62223391845562748  0.63011553033960599  0.63796081909499869
  0.64575911105434025  0.65384577925403053  0.66185788339240126  0.66992659353833284
  0.67789159240866048  0.68585620556801197  0.69402024717959454  0.70250657472329658
  0.71126028350467529  0.72002109878572951  0.72898117493873871  0.73848645196800744
  0.74827672715231486  0.75856619854533658  0.76890485314477919  0.77975188973617438
  0.79061863455136128  0.80233215588886353  0.81467099060192660  0.82801936177225621
  0.84090136982317887  0.85365992819696979  0.86794377359115016  0.88335861218159129
  0.90128084446340884  0.92295526325824029  0.95178045013759283  1.00000000000000000
 -0.01842528058830134  0.10845472243941558  0.14460921559349227  0.16658664406712864
  0.18393898712053780  0.19915089510563097  0.21268687535497763  0.22496600601354649
  0.23620500738314062  0.24660968747400433  0.25628482584647583  0.26555945503893402
  0.27443739446253268  0.28291695274939432  0.29111109873429525  0.29895983517670199
  0.30666802863669712  0.31414089553550645  0.32138327844556297  0.32842220684652534
  0.33528323695317941  0.34206272596516851  0.34886511029389616  0.35561143017935642
  0.36222862607957707  0.36874955542017651  0.37514946439289998  0.38141378054870062
  0.38756906103951033  0.39363396680747909  0.39963025737202412  0.40558946794767342
  0.41156608080381468  0.41749985144787460  0.42347061452797707  0.42933145488315411
  0.43511084074542805  0.44080493123325371  0.44649885166249292  0.45218965573010611
  0.45784249939371174  0.46345410639785817  0.46904184050586473  0.47461480861962058
  0.48018314232679282  0.48575726348215542  0.49131843925986118  0.49686176336220345
  0.50230792713748729  0.50770609067925598  0.51310503999925050  0.51859640587233180
  0.52417108819458558  0.52984070019764917  0.53555929000823155  0.54133242220989730
  0.54713311132043552  0.55290029197911306  0.55863008584664398  0.56435021490997439
  0.57008571157325449  0.57591883144155798  0.58179287637116228  0.58781456608409222
  0.59388029425529243  0.59992441693264587  0.60594130091192011  0.61190919505724328
  0.61793415102234728  0.62403617607544315  0.63034663130367707  0.63677584475460813
  0.64319434013688115  0.64978081604625604  0.65653045112904995  0.66335261032844151
  0.67032299627744285  0.67743801534719750  0.68474786129395782  0.69232316341312861
  0.70004335207377444  0.70788227309689733  0.71611505095698658  0.72477119143273916
  0.73402018564149740  0.74389530432178930  0.75424483931195552  0.76533707968183151
  0.77695450496310103  0.78952955558486793  0.80305830403115597  0.81814087285885606
  0.83563127732471287  0.85757746958449865  0.89341081028639557  1.00000000000000000
   1.0595878356504584E-002  -1.0000000000000000     
 F F F F F F F F F F F F F F F F F F F F F F F F F F F F F F F F
  <DiscreteSampler_grid>
  grouped_processes
  1 # 1 for a reference and 2 for a running grid.
  10 # Attribute 'min_bin_probing_points' of the grid.
  1 # Attribute 'grid_mode' of the grid. 1=='default',2=='initialization'
  0.0000000000000000 # Attribute 'small_contrib_threshold' of the grid.
  0.5000000000000000 # Attribute 'damping_power' of the grid.
 # binID   n_entries weight   weight_sqr   abs_weight
    10   10   2.018954774656695E+008   5.334662122063733E+016   2.018954774656695E+008
    16   10   2.018954774656695E+008   5.334662122063733E+016   2.018954774656695E+008
  </DiscreteSampler_grid>
