  0.00000214863923536  0.00000490404731724  0.00001075419453118  0.00001621528030821
  0.00002132501445246  0.00002621563845369  0.00003098762934006  0.00003568166279208
  0.00004026545711429  0.00004494969716278  0.00004970530084277  0.00005451624031037
  0.00005940282914646  0.00006440794593705  0.00006948586979661  0.00007464054070146
  0.00007989139966344  0.00008522406048918  0.00009065934816648  0.00009625809889910
  0.00010206144250645  0.00010794480320107  0.00011395019271435  0.00012005002558594
  0.00012631153725205  0.00013272014102848  0.00013925724667290  0.00014589556086440
  0.00015262294354042  0.00015940160584402  0.00016612142390466  0.00017293803658160
  0.00017991790625210  0.00018707233890170  0.00019441787324743  0.00020207604725553
  0.00021003691770762  0.00021809656933971  0.00022677871453396  0.00023562275486635
  0.00024486784749499  0.00025438557628504  0.00026415580524199  0.00027443992263854
  0.00028503170766410  0.00029604940073376  0.00030768131812628  0.00031959195791054
  0.00033207407377917  0.00034509676144910  0.00035862014262755  0.00037280584820997
  0.00038755246625158  0.00040319203461351  0.00041995367399166  0.00043752768336662
  0.00045594572595525  0.00047526784820869  0.00049567461413540  0.00051765163288525
  0.00054032759315183  0.00056458258601540  0.00058990382018020  0.00061792018105047
  0.00064766743279667  0.00067914259177004  0.00071277800027714  0.00074904874069076
  0.00078910284632838  0.00083250691044930  0.00087905900171711  0.00093045923970509
  0.00098415504527927  0.00104267572965022  0.00110616827100711  0.00117595395887084
  0.00125514884112613  0.00134031280588521  0.00143743511707015  0.00154511493359790
  0.00166785666924007  0.00180610717760989  0.00196257421146272  0.00214523764351974
  0.00236044879772256  0.00261999745622036  0.00292780182362525  0.00330720355338683
  0.00378402750406681  0.00437344788082728  0.00515208889242464  0.00635764131328139
  0.00814697422668605  0.01161685234902340  0.21136720848587581  1.00000000000000000
 -0.00237920873090531  0.00948262900596500  0.01941084977884395  0.02948560883956836
  0.03967352274927148  0.05030502672732939  0.06085301158045365  0.07158437709942535
  0.08230686290368723  0.09299207140017864  0.10371787400090571  0.11460598148080385
  0.12558659205518688  0.13636721072878116  0.14710331309755001  0.15767671272344866
  0.16821020789294214  0.17859634985125578  0.18908019181011029  0.19940866640360230
  0.20977413553647364  0.22024801501840477  0.23080163231229478  0.24108034288499980
  0.25148295993830672  0.26188287358762269  0.27251507874885972  0.28338157321446450
  0.29432892732879179  0.30512880362044265  0.31576885371483532  0.32655079053192504
  0.33732061291138410  0.34803229201392677  0.35868795471827380  0.36920756281081768
  0.37950791437125975  0.38973451602402254  0.40021603692791347  0.41108549901687769
  0.42184180493416806  0.43258533511463770  0.44315634597635922  0.45389577691490529
  0.46453168031589415  0.47508924902184074  0.48568733923989954  0.49632046603689967
  0.50663740102530708  0.51700692291932193  0.52758645346605204  0.53812826614226938
  0.54843761565502180  0.55861739856744663  0.56905727963754693  0.57946327950471943
  0.58999035774838315  0.60044984868676776  0.61101170746848354  0.62155591281227196
  0.63222999090004639  0.64310267362168538  0.65384158867823339  0.66457010983272302
  0.67474636510908714  0.68481455425239857  0.69496996462541782  0.70535739762745797
  0.71599427565828444  0.72654572919409455  0.73712558809032314  0.74779960764090314
  0.75849781474200295  0.76932101441903500  0.78026337929860867  0.79117211668960408
  0.80164684792132457  0.81205856161240531  0.82232089951612208  0.83284079562464786
  0.84296437345041597  0.85334003851448270  0.86348049984115460  0.87338540992803504
  0.88325971359436650  0.89319205955315073  0.90337799978773003  0.91388327872845698
  0.92447624179009447  0.93538370854099762  0.94622093549830466  0.95702412780463741
  0.96787720889373652  0.97856184767334209  0.98941624750188872  1.00000000000000000
 -0.00387090732132953  0.02480748867853984  0.04585711782526683  0.06349584243330648
  0.07920352974664834  0.09341569034021679  0.10678498377915072  0.11959258349658169
  0.13184532279331798  0.14358647512449149  0.15494533322222701  0.16595526225045606
  0.17661185422912162  0.18709155425912380  0.19750126100075832  0.20787411009992771
  0.21804233883473351  0.22794755849754100  0.23752505345921593  0.24694513455215386
  0.25615672498210540  0.26519845359294941  0.27402653965141854  0.28273285577546625
  0.29142289125805637  0.30028344773289289  0.30912383412850664  0.31778932498877860
  0.32631937208084599  0.33476916079942809  0.34328351820828751  0.35175435991671011
  0.36007340389414960  0.36828889748276922  0.37642402051975438  0.38446532330091959
  0.39243446848109242  0.40031119869009152  0.40801004677404723  0.41564335614306702
  0.42337256146181235  0.43118226446615615  0.43903219829492407  0.44697735462190497
  0.45486430952915463  0.46274974584516926  0.47057259488700709  0.47834296931816811
  0.48611694904510699  0.49397148473573121  0.50175811752744437  0.50949146586554117
  0.51724563037041527  0.52502466002276038  0.53278651272430511  0.54052003332999166
  0.54826382889222502  0.55606362690238709  0.56393549334505955  0.57188450029985316
  0.57984452431516142  0.58768689638067151  0.59547756174920397  0.60336946932113045
  0.61143901938514567  0.61962458159327716  0.62789663231698012  0.63617632251214007
  0.64438922357497996  0.65259524358357368  0.66081633915438276  0.66921210604555137
  0.67797264695642534  0.68672807864482821  0.69556082854886225  0.70428367046467011
  0.71331969504238046  0.72266944294594293  0.73231859499274243  0.74230001155018011
  0.75241976421560441  0.76263884295786388  0.77304789597356460  0.78365379497956589
  0.79448405685834145  0.80546734935776521  0.81698093955821738  0.82884232023267490
  0.84165715285207765  0.85520318899875991  0.87004973278592723  0.88582796589353585
  0.90323270042935266  0.92343276309510536  0.95082995657677105  1.00000000000000000
 -0.01813764903427336  0.10911416115235285  0.14498080058963364  0.16730486846749995
  0.18478104460875866  0.19973768115004334  0.21288195847457111  0.22483066947700264
  0.23590258270448397  0.24629738319923827  0.25616708567786617  0.26563026434129977
  0.27460438776774054  0.28316940400852242  0.29135988626976944  0.29924384336168486
  0.30699503096558173  0.31460168325011828  0.32191111621236845  0.32903573783815215
  0.33599817778319568  0.34282694991361695  0.34954450670144771  0.35615715070147236
  0.36266551387298984  0.36912946439528044  0.37550678567546841  0.38173413550309576
  0.38787336323089278  0.39395144999543552  0.39995757864750897  0.40588372972681230
  0.41173107691737709  0.41756905311113157  0.42339733116298678  0.42922180069177140
  0.43502411071162006  0.44079856367419168  0.44653023744453901  0.45223686756550291
  0.45795855040049221  0.46366674767862043  0.46934566449407783  0.47499956552698797
  0.48058843397941120  0.48614359912261196  0.49170283366802991  0.49731637163111436
  0.50292531162483367  0.50850646116651055  0.51409074719722681  0.51962831577565094
  0.52515869375330571  0.53068674460967746  0.53623851980213644  0.54184130537700836
  0.54750829020853320  0.55320390013592280  0.55884329717604464  0.56451806047087250
  0.57021444926854670  0.57600606437911361  0.58184470529277810  0.58769962972083534
  0.59359246776603380  0.59956077560658860  0.60562311135417846  0.61179347697573661
  0.61802756984101681  0.62431370959975685  0.63067167167977767  0.63708534668180550
  0.64354349074581430  0.65011496859167306  0.65685336702446151  0.66366034505069604
  0.67073005494359184  0.67798251733148096  0.68532079135090218  0.69299581278431999
  0.70090213962263304  0.70901357635536988  0.71740017825024205  0.72600916030438367
  0.73484681496807647  0.74394846622482946  0.75353310495225323  0.76367796706308122
  0.77455047162364654  0.78649957766634560  0.79985409583200717  0.81487338940999465
  0.83222790990706608  0.85426928712785200  0.88922152655966225  1.00000000000000000
   2.3737335878062501E-003  -1.0000000000000000     
 F F F F F F F F F F F F F F F F F F F F F F F F F F F F F F F F
  <DiscreteSampler_grid>
  grouped_processes
  1 # 1 for a reference and 2 for a running grid.
  10 # Attribute 'min_bin_probing_points' of the grid.
  1 # Attribute 'grid_mode' of the grid. 1=='default',2=='initialization'
  0.0000000000000000 # Attribute 'small_contrib_threshold' of the grid.
  0.5000000000000000 # Attribute 'damping_power' of the grid.
 # binID   n_entries weight   weight_sqr   abs_weight
    10   10   3.174402862323362E+008   2.364987827299043E+017   3.174402862323362E+008
    16   10   3.174402862323362E+008   2.364987827299044E+017   3.174402862323362E+008
  </DiscreteSampler_grid>
