  0.03932498506704061  0.04630771826128320  0.05171549173656177  0.05701232578290941
  0.06242068565518719  0.06788058156897295  0.07333788086788924  0.07879486977506604
  0.08432252869659204  0.08999422448615371  0.09570460667571531  0.10143058420124110
  0.10724559315565027  0.11312178143312783  0.11900673291104213  0.12494437333831888
  0.13110425907346768  0.13737314166308717  0.14372827543515157  0.15014046265486639
  0.15655256063119091  0.16297867325450557  0.16945131873130445  0.17602743223502004
  0.18269107917084026  0.18946454635420007  0.19634963221081270  0.20325026380211669
  0.21022096522715389  0.21736513605577601  0.22454866334708631  0.23182003550882965
  0.23914750139322524  0.24653146338308646  0.25404350347867238  0.26169805006496211
  0.26948381118660414  0.27741855252655040  0.28545755952450697  0.29356640393092720
  0.30183530323920338  0.31027555337456231  0.31889338619774837  0.32765209907355863
  0.33649520573429365  0.34548464734954082  0.35467316216487854  0.36406370666673427
  0.37363640399084602  0.38335448867434502  0.39327394462791349  0.40338861599150233
  0.41370139642208209  0.42411729984348151  0.43456182063579291  0.44515479411506209
  0.45598477651762631  0.46706439176437176  0.47827612429490585  0.48980085965467707
  0.50146688138547890  0.51350444391730521  0.52573066670218949  0.53836716292859910
  0.55118703637823030  0.56429685039575050  0.57758099035761579  0.59086604466845105
  0.60424662520905137  0.61785271624669025  0.63191939446676226  0.64630753288589782
  0.66102814647289909  0.67579545143387876  0.69045972494580732  0.70498054627033879
  0.71964519505251323  0.73429375903614214  0.74891719483638197  0.76347469016047020
  0.77818054664830849  0.79300726035369040  0.80766772140132626  0.82232626888554716
  0.83708781173849145  0.85180486823906842  0.86639761893295963  0.88084652038006839
  0.89524429965430163  0.90944976677758005  0.92333880913811561  0.93697037978652586
  0.94997720920174389  0.96128039465325410  0.96772294214830323  1.00000000000000000
 -0.00236734895106828  0.00962217079246971  0.01977776582771114  0.03022543341440194
  0.04087580390498907  0.05134833628155579  0.06189158179258308  0.07230124008925125
  0.08289388283005304  0.09340618201966139  0.10400693899826614  0.11467934741327726
  0.12533155255929149  0.13575256558179222  0.14612707673914646  0.15663009935209338
  0.16725311781510110  0.17768552622068937  0.18817645258534699  0.19880895562553791
  0.20930189760694964  0.21985818586283440  0.23034229190282487  0.24108838801421800
  0.25169256844299437  0.26238729572364261  0.27292018295681597  0.28335442365468477
  0.29384525820864166  0.30427800852648096  0.31477752632942307  0.32516305069820917
  0.33568881329280814  0.34609482760010507  0.35636009272296376  0.36675714155911543
  0.37711400702291997  0.38771504598640844  0.39806050328582698  0.40869071609378005
  0.41936341680490191  0.43016588487598867  0.44083029145062491  0.45127747685810077
  0.46158396734968760  0.47196700493348909  0.48245850688004738  0.49315530631023002
  0.50378561375728725  0.51441584768647675  0.52498082015916459  0.53567715521790682
  0.54633141859922407  0.55688324004262513  0.56721017552840614  0.57756566162959899
  0.58799236027113988  0.59847099545813498  0.60901361062951331  0.61968909553614027
  0.63038083237883213  0.64098912370625560  0.65156616545590818  0.66220996551091438
  0.67273973528893372  0.68325657252707483  0.69366669659316127  0.70415184780820739
  0.71457451431839736  0.72509093519793721  0.73565926177442731  0.74626249738659844
  0.75683940298825625  0.76736407073172441  0.77769327714109937  0.78814753820799710
  0.79854840837746666  0.80914885879198328  0.81958304084272693  0.83014218077513535
  0.84080292058051675  0.85152885862165617  0.86219390314311739  0.87280785195546273
  0.88360481620688869  0.89423990210178406  0.90474590483991968  0.91513528110083808
  0.92566308148986620  0.93627381736210102  0.94699860733042929  0.95780142643205002
  0.96845791578866158  0.97902653678313289  0.98948827965437369  1.00000000000000000
  0.00029094287015049  0.00915189489183441  0.01835875907501925  0.02779107436932488
  0.03729521586066739  0.04681540627290329  0.05643993701010010  0.06626992519222266
  0.07618843165624800  0.08618798381894087  0.09635053316588674  0.10663168845434520
  0.11707171688058927  0.12754527618650854  0.13808735864596478  0.14851571802173755
  0.15889773019956993  0.16934315853214255  0.17984273847187404  0.19034952433861871
  0.20082957776037380  0.21124691078026961  0.22148627787885450  0.23165132156277199
  0.24178128094758791  0.25200931336132015  0.26241479724990086  0.27285999886366757
  0.28335777737520934  0.29382243809706921  0.30426083370028262  0.31461994414683375
  0.32488974264885395  0.33527924125369268  0.34559052609353802  0.35601632902244740
  0.36621788403653421  0.37656738079412022  0.38696455929393719  0.39738891079719607
  0.40793580293354958  0.41847014208632766  0.42914280948842498  0.43978066003973887
  0.45040765011017714  0.46109691273202236  0.47186002782006542  0.48248749837666172
  0.49309069868587990  0.50369850415305228  0.51431389528754490  0.52490178319275793
  0.53554463084349035  0.54603763386296811  0.55651834358158159  0.56693910447888385
  0.57748432370285963  0.58812716996457204  0.59886531122334252  0.60971228380026754
  0.62048239408033723  0.63115084003838817  0.64187786074394404  0.65264719159476303
  0.66341683184677869  0.67407430136359314  0.68470518975089145  0.69543111550875636
  0.70619946705839098  0.71689684420099242  0.72750578377657982  0.73812435008570854
  0.74879454535808143  0.75934901287660339  0.76988069445511953  0.78045154708366460
  0.79110069674645733  0.80173161441364638  0.81231719739495789  0.82285934735779176
  0.83335986301477161  0.84389390359862204  0.85454957607309201  0.86533612263166315
  0.87613803620497466  0.88692861419340929  0.89755099357853352  0.90814176566196581
  0.91878683431864083  0.92958939400914109  0.94039720836355989  0.95120043496174445
  0.96237483340298702  0.97401437625854270  0.98663732280650673  1.00000000000000000
 -0.01711408234389973  0.10457354529625901  0.14536173663760690  0.17192121983835132
  0.19360417877305164  0.21244430125820188  0.22931409463268426  0.24479199010003092
  0.25909117229565320  0.27271946034048222  0.28563264929204829  0.29786149395017480
  0.30952877137632617  0.32091239596966442  0.33196947808110794  0.34263887762961659
  0.35303359444810800  0.36326348440725659  0.37326722156720593  0.38302558393491709
  0.39258602947334070  0.40200828174318065  0.41135029916913457  0.42058103375479794
  0.42966578774053904  0.43858518925074635  0.44731328160447603  0.45592012477924665
  0.46445225591863010  0.47288963028239211  0.48120818303688889  0.48939856781200997
  0.49754561309417966  0.50566547166367160  0.51373957124201908  0.52178235780108262
  0.52968145762206387  0.53748555108308238  0.54519751355105561  0.55283634348868149
  0.56044644929779563  0.56803465226130367  0.57556228868807369  0.58305499032461205
  0.59047379640667863  0.59787701023443762  0.60520533611555827  0.61244350979149187
  0.61960585469861651  0.62679766244865287  0.63392198234053432  0.64099853858929401
  0.64796508097196115  0.65483950175742855  0.66167959775113971  0.66851047825893928
  0.67529182319872216  0.68204091288447311  0.68874169047900058  0.69533122616412713
  0.70184482369715240  0.70827655490984198  0.71461850077004896  0.72094210809808257
  0.72729620961591812  0.73366145457510823  0.74001244543830313  0.74634251035605514
  0.75251195141746596  0.75863812557205856  0.76473128093646936  0.77079581319031498
  0.77686176034030341  0.78292754203609793  0.78898398292670380  0.79504769488063498
  0.80103470620604444  0.80697977124335796  0.81294204946782456  0.81895251209602793
  0.82501447941781147  0.83117169327429519  0.83747522072907155  0.84393621704683175
  0.85049103818313110  0.85724572653427045  0.86421848616029406  0.87135949359754750
  0.87888906006615386  0.88690329084278341  0.89555216747500777  0.90529342591478057
  0.91666858925839456  0.93124665885301694  0.95329192569741306  1.00000000000000000
   2.3888111471467573E-002  -1.0000000000000000     
 F F F F F F F F F F F F F F F F F F F F F F F F F F F F F F F F
  <DiscreteSampler_grid>
  grouped_processes
  1 # 1 for a reference and 2 for a running grid.
  10 # Attribute 'min_bin_probing_points' of the grid.
  1 # Attribute 'grid_mode' of the grid. 1=='default',2=='initialization'
  0.0000000000000000 # Attribute 'small_contrib_threshold' of the grid.
  0.5000000000000000 # Attribute 'damping_power' of the grid.
 # binID   n_entries weight   weight_sqr   abs_weight
    13   10   5.833722312428781E+008   6.305928083724372E+017   5.833722312428781E+008
    14   10   5.833722312428781E+008   6.305928083724372E+017   5.833722312428781E+008
    16   10   7.787654554960160E+008   1.208249285976517E+018   7.787654554960160E+008
    17   10   7.787654554960160E+008   1.208249285976518E+018   7.787654554960160E+008
  </DiscreteSampler_grid>
