  0.01831821811150653  0.05256997628224951  0.05775825154067765  0.06295967523548537
  0.06821320665542127  0.07351528506433898  0.07881639463674583  0.08415410229807935
  0.08957205426976979  0.09504353978416660  0.10056663072717634  0.10615875704544053
  0.11193418858383872  0.11771005399845959  0.12358004797382154  0.12948313938858361
  0.13544143503632863  0.14145423679209670  0.14754340796535984  0.15378905655214689
  0.16012693336099662  0.16652752226783579  0.17302550191889154  0.17954653894297090
  0.18607033944156975  0.19264987346543794  0.19930658515169186  0.20610563122758399
  0.21310935966511957  0.22034064282334873  0.22761044055843221  0.23500765176626034
  0.24241487491578212  0.24986183198333409  0.25743814351254452  0.26512471127924825
  0.27289521487083007  0.28074573394350644  0.28867011125284853  0.29672921681654196
  0.30495376953324443  0.31333257580991802  0.32182303347945940  0.33041498306320766
  0.33916703743475252  0.34810243433944649  0.35720513387562153  0.36642296290563769
  0.37569727162071748  0.38506059025451123  0.39459268907262712  0.40439205481345564
  0.41445340284385224  0.42473695172413350  0.43530263154530152  0.44613531411220148
  0.45726240584609423  0.46862895745512045  0.48014467877757439  0.49171330579622791
  0.50338666931217557  0.51526695813529544  0.52739697486226300  0.53973435953051163
  0.55236166460795322  0.56521445870268050  0.57830065877538894  0.59165970719886096
  0.60522393100685368  0.61886377155076322  0.63271331154723942  0.64688032386549255
  0.66109713711351215  0.67540933403923498  0.68979764824694079  0.70433245299668901
  0.71919913414805769  0.73430945424779581  0.74933904974693932  0.76426034625785910
  0.77898077791233278  0.79376168406879855  0.80851390225524977  0.82298203317567398
  0.83746254902148820  0.85198942640077546  0.86641530689518687  0.88061823924130533
  0.89462166202419136  0.90840129780801027  0.92202735844164496  0.93558131334370598
  0.94896196344749861  0.95658416696015980  0.96424044057299696  1.00000000000000000
 -0.00250032264574341  0.00968604886550376  0.01998498497766545  0.03031598561477436
  0.04077778322420897  0.05105977115491413  0.06153684329674497  0.07188054735142159
  0.08218154614511861  0.09258760770535567  0.10291190006365915  0.11326401657157678
  0.12368845974795144  0.13399514863158912  0.14444359693745629  0.15511440577294422
  0.16607875010143436  0.17675412358154791  0.18728611026524605  0.19795611440729011
  0.20873412142147088  0.21932383106848438  0.22997639374244508  0.24065675539271658
  0.25123628501692480  0.26155773968690083  0.27208841072037160  0.28269763908201923
  0.29335361231232837  0.30392132888575152  0.31442506752477239  0.32496339937522356
  0.33547453766667529  0.34597268604728615  0.35667134490316749  0.36729657857765319
  0.37791489830524932  0.38823606305986641  0.39858374054693774  0.40896856410115723
  0.41950100915760002  0.43002437376745012  0.44053623124653690  0.45101801062438701
  0.46162849137812767  0.47205841484027522  0.48250088949391223  0.49292387056904380
  0.50346742333377859  0.51395884560981286  0.52433854540240987  0.53464543652207697
  0.54508422247725241  0.55557808265334008  0.56605020107512072  0.57637446477431664
  0.58679337109389673  0.59751689838393485  0.60809160467772461  0.61876393437351496
  0.62926512345069463  0.63989762122970917  0.65033976106575753  0.66082219916029272
  0.67133600563596840  0.68197493818838684  0.69269003038819732  0.70339257062412663
  0.71415542482333561  0.72491253363052954  0.73562084893986912  0.74618402678729034
  0.75681646490406951  0.76736554226561304  0.77794402818576758  0.78852684132723849
  0.79914153447562941  0.80958579400249597  0.82001855573454629  0.83045919711362171
  0.84090742163012155  0.85129524472453155  0.86174843478226637  0.87215776306951087
  0.88259509417032911  0.89300775350674233  0.90369067959444460  0.91442325302222927
  0.92536439334957787  0.93642490560810632  0.94730773666199564  0.95819596805052409
  0.96870766809667908  0.97925309503384583  0.98957949997408334  1.00000000000000000
  0.00031442910604631  0.00858271672652934  0.01742284180642024  0.02677506153241183
  0.03635156825825177  0.04631464731535799  0.05646775801252540  0.06675373177884465
  0.07709434200635050  0.08762035203685009  0.09826312656836668  0.10872554598577372
  0.11911061321922348  0.12952875501561517  0.14008561771590575  0.15058208308206608
  0.16097575788921489  0.17140110707454903  0.18183878083510618  0.19226229308756393
  0.20261986851475997  0.21289296321465373  0.22313561303511431  0.23326401328593097
  0.24339724822573922  0.25349370273550181  0.26356380029520260  0.27367773856543304
  0.28400757658213310  0.29444897885898991  0.30488687394782638  0.31534426903334872
  0.32592082586161836  0.33664684458922661  0.34738132404473426  0.35814964942631899
  0.36891342986625497  0.37961981336509387  0.39026912353126331  0.40084562607167462
  0.41138394397677186  0.42190153168581218  0.43244156766555364  0.44291900767071912
  0.45334129099477111  0.46371442990166145  0.47399207732550247  0.48426049678151833
  0.49458127804736784  0.50501748272146707  0.51552880464340434  0.52604862718082235
  0.53663574413669424  0.54705672329080135  0.55725001356954251  0.56732299928658714
  0.57741141938031970  0.58763325599515170  0.59801819269588219  0.60841368456638734
  0.61884627297827444  0.62916198604721052  0.63952684110381164  0.64984759557165572
  0.66015465848245491  0.67045614701582146  0.68081433902072608  0.69139015165786222
  0.70202051142978361  0.71257353031702209  0.72297834377188941  0.73356611860323229
  0.74419067281369555  0.75486527697953287  0.76559019183631394  0.77640633926180569
  0.78738572063398538  0.79836800332474600  0.80939090567307093  0.82033123229764027
  0.83117124088884997  0.84191167056264260  0.85261819937206773  0.86339682068571000
  0.87422187241336335  0.88498032957399542  0.89570568096479530  0.90656984099229398
  0.91749490336926920  0.92843330389742929  0.93944256266156856  0.95058626883821362
  0.96192113752164565  0.97349948378518880  0.98628703951028573  1.00000000000000000
 -0.01756947485482219  0.10368459186178428  0.14463387012963608  0.17167180531333598
  0.19377104820133623  0.21310921487317314  0.23030374539114523  0.24595678778790112
  0.26024392722235284  0.27380700382272766  0.28655534240172181  0.29889038617819713
  0.31075019876826321  0.32225205982527044  0.33324639544114704  0.34378385409829859
  0.35402746351155107  0.36413031110627758  0.37405171858007374  0.38370715753626822
  0.39316019185737172  0.40251351172454214  0.41176426194153443  0.42085260397892221
  0.42973733726574503  0.43849070938409612  0.44716141726989905  0.45578380796035467
  0.46432990943671160  0.47279600832874064  0.48119951952833040  0.48952447395649351
  0.49776237182443439  0.50590252390155610  0.51402914175827030  0.52212136001196729
  0.53009897566184061  0.53795672120000149  0.54570039441978813  0.55337673421958911
  0.56103008573252877  0.56866350178606906  0.57625552918707357  0.58382737341305502
  0.59137130865421728  0.59886280137703662  0.60626295755826465  0.61360321263437656
  0.62090338630674113  0.62817040570515503  0.63538775491113952  0.64255055538825379
  0.64960845333810402  0.65657965236571358  0.66348965994199438  0.67032183044146687
  0.67705275303501911  0.68372481387832795  0.69034186707798706  0.69685942333477602
  0.70336478010269421  0.70984000119188717  0.71628025585554067  0.72265786970193280
  0.72894211763645822  0.73506225341684062  0.74112814645244340  0.74719443554675313
  0.75323353881616251  0.75924916144239096  0.76523275117358691  0.77118730074341668
  0.77712811270101501  0.78307810930732202  0.78905774397598594  0.79504187550684013
  0.80101542959385374  0.80696808570518463  0.81293730404600006  0.81892271115998094
  0.82496956088099316  0.83108484139355598  0.83732118965564661  0.84368502719209337
  0.85012491855759520  0.85677774373301085  0.86372443165423141  0.87089407886813841
  0.87849441758042657  0.88665270832822807  0.89545375712661157  0.90529947053020643
  0.91664275922056049  0.93105161014327009  0.95290590650050577  1.00000000000000000
   2.4071296826240762E-002  -1.0000000000000000     
 F F F F F F F F F F F F F F F F F F F F F F F F F F F F F F F F
  <DiscreteSampler_grid>
  grouped_processes
  1 # 1 for a reference and 2 for a running grid.
  10 # Attribute 'min_bin_probing_points' of the grid.
  1 # Attribute 'grid_mode' of the grid. 1=='default',2=='initialization'
  0.0000000000000000 # Attribute 'small_contrib_threshold' of the grid.
  0.5000000000000000 # Attribute 'damping_power' of the grid.
 # binID   n_entries weight   weight_sqr   abs_weight
    13   10   3.453621003286945E+008   2.376095740332228E+017   3.453621003286945E+008
    14   10   3.453621003286943E+008   2.376095740332228E+017   3.453621003286943E+008
    16   10   4.070468408032781E+008   3.660445749496409E+017   4.070468408032781E+008
    17   10   4.070468408032781E+008   3.660445749496408E+017   4.070468408032781E+008
  </DiscreteSampler_grid>
