  0.01122738241732986  0.01640491393800142  0.02442427426685085  0.03408312057398392
  0.04360283392690956  0.05323296129496724  0.06301283132506709  0.07300193352142882
  0.08311670957184952  0.09330933449713578  0.10358683252630256  0.11400177156169589
  0.12454718761709414  0.13519978810651298  0.14597549983761407  0.15692206841263723
  0.16802904363118223  0.17927422085360883  0.19059682882282414  0.20202132118583310
  0.21355488131136960  0.22527222514582673  0.23712669642348824  0.24910532286902834
  0.26122162152695677  0.27346222801907072  0.28580526935659051  0.29822071062972449
  0.31070027996151500  0.32323813329384726  0.33581960419033463  0.34843172238136377
  0.36110015115666033  0.37384859470742182  0.38669931157575771  0.39958961883382355
  0.41249020974365364  0.42538566782364212  0.43835357009377607  0.45126266919197655
  0.46414720986246782  0.47690697172683527  0.48948082313718905  0.50191215622861785
  0.51424850255140342  0.52656559729698282  0.53885720425732575  0.55112581223247592
  0.56325223602115382  0.57510905677053337  0.58681354229766003  0.59844348557650118
  0.60991569163749515  0.62130782127468842  0.63264409807843858  0.64392517252784620
  0.65505354505156421  0.66604874009566850  0.67690405658357511  0.68763303323176128
  0.69823905665600661  0.70872457594271077  0.71905432451589313  0.72926218803495191
  0.73934324203328228  0.74934258904619444  0.75918012087904163  0.76889092227782463
  0.77845956705883645  0.78790095582661590  0.79719439317204899  0.80635732926881165
  0.81542008362101104  0.82440957306651064  0.83333574531388954  0.84217731466966295
  0.85091301607973591  0.85950184349701864  0.86793530671331220  0.87629084555025616
  0.88450118526914234  0.89270975763447302  0.90079560186185226  0.90880353347344356
  0.91671267416029489  0.92451257941704557  0.93224127224397868  0.93988013974166384
  0.94741931947005387  0.95490332529057831  0.96231837861717096  0.96967201828277350
  0.97695392337568165  0.98396452434973258  0.98878865664379967  1.00000000000000000
 -0.00255671865003572  0.00976565958351546  0.02009025656905392  0.03071281463964236
  0.04137212825902166  0.05190517113826196  0.06242964789975770  0.07301149557421667
  0.08361186263390660  0.09413432341416034  0.10465361014668199  0.11518910281352875
  0.12579119618124604  0.13629364040110997  0.14682372415926820  0.15724902633784438
  0.16779839281780926  0.17827241384193138  0.18883903228543844  0.19930408698970931
  0.20982549066673234  0.22031727752510222  0.23089894162964308  0.24148168170521753
  0.25205627607479519  0.26266236242354951  0.27326853850912058  0.28393196685200917
  0.29453349605834367  0.30498922195130806  0.31540215593036874  0.32582518328959731
  0.33632350439418784  0.34684978885141932  0.35744341396012319  0.36798105933912567
  0.37845004376929076  0.38885963440460847  0.39923414887945058  0.40970822047548205
  0.42020624666844653  0.43082930080812526  0.44137360670256193  0.45192862392738259
  0.46249248699317558  0.47308222720006066  0.48362019597376282  0.49412105827086433
  0.50456985699627488  0.51502156763486373  0.52551830446286607  0.53617601933737302
  0.54686145230770611  0.55755781880753996  0.56815859493794540  0.57872804541448508
  0.58928027657031790  0.59987983938364475  0.61049098236590071  0.62110005113455602
  0.63170769135931037  0.64232756213895603  0.65285758787283454  0.66332590060522623
  0.67386174723359071  0.68448216935130690  0.69509306619759237  0.70560993217939649
  0.71611085077438719  0.72654814858344896  0.73690562446036123  0.74727568645248776
  0.75773599438242190  0.76825077012732212  0.77874712899311027  0.78922628536586448
  0.79965073309213164  0.81008162709713027  0.82043687791247832  0.83087180221373269
  0.84134345981908565  0.85183187667589644  0.86225223969338238  0.87269519450595290
  0.88323295870217911  0.89382971789470000  0.90442291411661913  0.91495226088069703
  0.92543814989770024  0.93595064740019951  0.94658825854297424  0.95734578145569438
  0.96801804731073282  0.97867139395467784  0.98935152300983908  1.00000000000000000
 -0.00092795231574646  0.00791631947833328  0.01646034273401856  0.02570543026282667
  0.03524867055123780  0.04503376491371243  0.05499626270574671  0.06509867059440534
  0.07524120600090833  0.08539615291635894  0.09561426038686131  0.10590912611474521
  0.11626141467278335  0.12661126513372378  0.13694520597219584  0.14725417191173384
  0.15754911025534221  0.16784876837954182  0.17810048068146603  0.18837382982020318
  0.19869652089036349  0.20911936002779133  0.21958876052431520  0.23010124668050913
  0.24063519090518753  0.25117404069079757  0.26175745594584249  0.27235205197908519
  0.28294607017943513  0.29348685500294858  0.30400325552368535  0.31445881507186091
  0.32485882371967706  0.33523112203293409  0.34563092304367787  0.35606642757876394
  0.36655664662829818  0.37708902438386155  0.38760786634509337  0.39807081835158381
  0.40846984294731131  0.41886425335988481  0.42927671727084721  0.43976362064238733
  0.45027870786139496  0.46081174460303786  0.47132522303570040  0.48186701073752664
  0.49249030164426222  0.50309334882695655  0.51366781613097856  0.52421162026643608
  0.53478084637428458  0.54532175150358564  0.55580005443827019  0.56628144425723115
  0.57677369173082582  0.58734091980156300  0.59791234443813213  0.60849876153642091
  0.61906278028536221  0.62968666113408067  0.64034586595310805  0.65098824421246448
  0.66161223561027638  0.67231474113449063  0.68298584810982610  0.69364976868615902
  0.70428328665859041  0.71496733126222167  0.72567085467267078  0.73627383438635519
  0.74687716182601838  0.75745587387726498  0.76804949207058404  0.77861452916424134
  0.78916060768664253  0.79980481215088539  0.81049234729857178  0.82119265459451185
  0.83186347884478173  0.84255295885984050  0.85328194769743004  0.86412347731984585
  0.87498269301908438  0.88588534060628388  0.89678641928150626  0.90777609730290554
  0.91873149795282394  0.92964184335336320  0.94057617660891157  0.95157921563161918
  0.96277738805915891  0.97424057101264749  0.98672520963546473  1.00000000000000000
  0.25618721033605124  0.26514659366544946  0.27298955027826038  0.28180980641581166
  0.29057292501772408  0.29888727830777861  0.30693101578958304  0.31467863158168335
  0.32216154021343901  0.32952158744074872  0.33662882347233186  0.34351742183210193
  0.35028537377414426  0.35691660513416662  0.36342183163252728  0.36986084764791238
  0.37618863183350737  0.38234642466662810  0.38842279245301792  0.39443810247041788
  0.40036505914166864  0.40621219928298441  0.41198559175149774  0.41766592220594423
  0.42326828708437525  0.42885342619917594  0.43440828131522313  0.43988544189064765
  0.44529884301270473  0.45070430587721605  0.45612200875906167  0.46144252169520861
  0.46672649173171571  0.47196382662315856  0.47717647377183642  0.48234150220338695
  0.48746274910971166  0.49255927875379935  0.49763342085005513  0.50268098839604747
  0.50769518815400894  0.51267919796954409  0.51765743562799316  0.52260664220590158
  0.52755835851586275  0.53245416260804068  0.53734480574923493  0.54221296171802846
  0.54706354451181127  0.55190507114985765  0.55672353916885220  0.56152170163683579
  0.56630302363223917  0.57106255670436912  0.57582178207532408  0.58054808588438689
  0.58525315048028848  0.58992642542548346  0.59459281867796576  0.59926174116211628
  0.60391553093631400  0.60853880328276877  0.61314191034292065  0.61771202565408601
  0.62228938816849622  0.62684732341954197  0.63140322575384722  0.63593620419084973
  0.64046061510418828  0.64496714050499315  0.64946499049247985  0.65396033843955803
  0.65844914085809303  0.66292617466354131  0.66738368564198514  0.67184484516542031
  0.67630616344314021  0.68076419210326555  0.68520925078943073  0.68963897994259404
  0.69406006302674805  0.69847940466459624  0.70289700057403315  0.70731595800286773
  0.71173076532648316  0.71613896389164533  0.72053757817468167  0.72493768011203441
  0.72941652286106984  0.73406429011213559  0.73881270479899086  0.74324286669356865
  0.74664725522164066  0.75920540425925720  0.78030898503959745  1.00000000000000000
   4.6711131807017437E-003  -1.0000000000000000     
 F F F F F F F F F F F F F F F F F F F F F F F F F F F F F F F F
  <DiscreteSampler_grid>
  grouped_processes
  1 # 1 for a reference and 2 for a running grid.
  10 # Attribute 'min_bin_probing_points' of the grid.
  1 # Attribute 'grid_mode' of the grid. 1=='default',2=='initialization'
  0.0000000000000000 # Attribute 'small_contrib_threshold' of the grid.
  0.5000000000000000 # Attribute 'damping_power' of the grid.
 # binID   n_entries weight   weight_sqr   abs_weight
    13   10   1.428223515548426E+008   3.127212500835874E+016   1.428223515548426E+008
    14   10   1.428223515548426E+008   3.127212500835874E+016   1.428223515548426E+008
    16   10   1.785285051277003E+008   4.973317220757883E+016   1.785285051277003E+008
    17   10   1.785285051277003E+008   4.973317220757883E+016   1.785285051277003E+008
  </DiscreteSampler_grid>
