 -0.00008590852589678  0.00080083170591177  0.00174039680714648  0.00308943399477857
  0.00484726691693936  0.00700696135218347  0.00951592950253338  0.01233427128918905
  0.01547504055724351  0.01905474094963832  0.02299837164709776  0.02722631544858153
  0.03179532285848639  0.03656585866079880  0.04154680886340154  0.04680852096206559
  0.05226530422465357  0.05797879849725249  0.06394155453306553  0.07023080660605897
  0.07683988268156486  0.08379888173622838  0.09102325870250307  0.09829521462319045
  0.10574320101856692  0.11324044951379693  0.12096154217667383  0.12900997216554488
  0.13745496405375102  0.14622182261395078  0.15526940221420665  0.16452522940420566
  0.17399384042946997  0.18374236609682371  0.19368655168942425  0.20369921554958126
  0.21382339287464819  0.22408419684210651  0.23453971605923343  0.24524794778242184
  0.25637108154757599  0.26753217105382254  0.27862289877723739  0.28994090666082611
  0.30139253197886640  0.31311792414793638  0.32520933791904594  0.33749690868117499
  0.34980625884419958  0.36221322888227481  0.37484649199911824  0.38768190675801223
  0.40065575307218726  0.41387974203417821  0.42709901419414109  0.44035225988760129
  0.45329806469598793  0.46664171920095282  0.48034623591171793  0.49426301957585123
  0.50849373963996336  0.52309872928521117  0.53744999305116237  0.55189690193333740
  0.56634442091765635  0.58080663298602730  0.59530732752409132  0.60981226312214531
  0.62426956778255593  0.63880315578822733  0.65339403818912789  0.66805517233209877
  0.68284257138691840  0.69775325075378991  0.71271150761623492  0.72750811135887328
  0.74215093690719047  0.75679372865332450  0.77130903722184352  0.78559869342448663
  0.79966539552410199  0.81377952579580215  0.82770009443775572  0.84152977187297984
  0.85523335660652822  0.86875479638096798  0.88222134824322429  0.89559076114955549
  0.90873239781941761  0.92188484298989914  0.93521283043027104  0.94852606200368195
  0.96144807483160422  0.97432089497189678  0.98718088385653702  1.00000000000000000
 -0.00205311874554409  0.00846779013108753  0.01786266076201848  0.02778519825494300
  0.03827474523190944  0.04881322926821798  0.05908760505633890  0.06937864212159189
  0.07998664601630104  0.09045070790562254  0.10082071169906028  0.11149231294598774
  0.12252812228063768  0.13360877155692072  0.14470559708762226  0.15630035111709417
  0.16802825561429116  0.17911587704549681  0.19017364704046083  0.20076125891985994
  0.21156822562774241  0.22242555839674330  0.23341146846055505  0.24424614824053920
  0.25511619955339854  0.26602801030115575  0.27640413901145866  0.28615850541703453
  0.29612984025011052  0.30656164431404620  0.31728093671843333  0.32801534257156728
  0.33864794238261903  0.34952197296139864  0.36056293754438590  0.37135961023922553
  0.38196110021404539  0.39246329396050933  0.40339813043656070  0.41503432276165819
  0.42582027155819524  0.43621670528722534  0.44604429644615756  0.45623440291561240
  0.46663901005400166  0.47696197533629031  0.48816058065671097  0.49900604356480194
  0.50947178138137128  0.51971213432171648  0.53047961838756108  0.54153693190299168
  0.55194488630157579  0.56244431136130812  0.57263798233611363  0.58298923243081635
  0.59339433834660194  0.60388761828463033  0.61395350647191638  0.62390499129034782
  0.63369046388036687  0.64366885290690223  0.65380200810915634  0.66403596695024592
  0.67448485427887250  0.68491717441585143  0.69516574912008411  0.70551207239264191
  0.71583689933956562  0.72624060627250475  0.73649995274617253  0.74689487882605099
  0.75742956034780040  0.76843696602475908  0.77950229350346545  0.79059428482559591
  0.80141620443906514  0.81239659903415773  0.82311737903958859  0.83362267765856535
  0.84378837904158843  0.85399466009592651  0.86443773552654890  0.87491564938246946
  0.88616290394123931  0.89725027664762846  0.90776400205928442  0.91873103511033438
  0.92913478815790418  0.93963914754848521  0.94997961307936940  0.96044282328460240
  0.97044615087373809  0.98049600600172304  0.99015427904996156  1.00000000000000000
 -0.00292974359163218  0.01761146452337125  0.03302484431683291  0.04649848151975888
  0.05883739990022675  0.07009995489399916  0.08049860064882824  0.09077263124362962
  0.10102883267955946  0.11078710658178093  0.11997396255642800  0.12870368382837744
  0.13757565582491552  0.14637846176364969  0.15513641121871397  0.16360128425532411
  0.17187096990808581  0.18000766054377529  0.18810246382824664  0.19626181734750120
  0.20426581574331568  0.21227122310989846  0.22007541796327654  0.22822180636808875
  0.23609420464127978  0.24372467173392448  0.25125586578751663  0.25916698865102633
  0.26717335323482916  0.27517552145249152  0.28305554643047975  0.29104234327006706
  0.29939353916242378  0.30799559142802346  0.31647986661365957  0.32472955227053718
  0.33300975272442035  0.34111526904838385  0.34936310875465593  0.35759871005959160
  0.36542180588162182  0.37339054630297819  0.38110752378076940  0.38897888244704609
  0.39680075128790354  0.40449491803539400  0.41205524680465044  0.41988369050481139
  0.42809861490895934  0.43636029943507282  0.44468466885346986  0.45282963870022108
  0.46075804474142273  0.46872880439097558  0.47662484205335798  0.48472572086323179
  0.49305163875050395  0.50162959142320018  0.51036247281260927  0.51887902054194790
  0.52737541908207297  0.53598649600175186  0.54467984725053142  0.55329042268853257
  0.56194988838020565  0.57083774702325862  0.58014718263031972  0.58947798552637709
  0.59912739569714180  0.60843277474388091  0.61789454145852085  0.62717524871548092
  0.63631971754094119  0.64560013529873750  0.65445367341955551  0.66353225806428973
  0.67324914699035354  0.68374543884717687  0.69442817111187327  0.70549793176555231
  0.71643632652947786  0.72727106389249663  0.73790788049876854  0.74899271447901739
  0.76110417108434658  0.77443242623318942  0.78868934175313143  0.80329893049779855
  0.81841480069869832  0.83437930608782251  0.85081103027011151  0.86851502032052819
  0.88869900653862410  0.91314249076548537  0.94590795268822814  1.00000000000000000
 -0.02039461934071800  0.13077656773202337  0.18031561213334843  0.21208868301721873
  0.23703897005353400  0.25817970949617758  0.27643192339607647  0.29267621432786778
  0.30744849220850551  0.32166924842029504  0.33536906712315717  0.34806347643262547
  0.36004524872017057  0.37180585041103015  0.38350256981162090  0.39436391216242428
  0.40463149796553732  0.41451110313160106  0.42425253071579699  0.43391191064563817
  0.44315809082107477  0.45195095143408565  0.46055866172211768  0.46880808672987784
  0.47679692543401819  0.48433381036389117  0.49161617106338690  0.49894717912361031
  0.50635575092166807  0.51366328900594771  0.52079945755382173  0.52782923028891249
  0.53479260397958817  0.54157767222668440  0.54787889266168244  0.55406430377936433
  0.56021730264130720  0.56634928761249503  0.57243045729740571  0.57853807390800649
  0.58454510552897920  0.59036953272654591  0.59607359625737621  0.60175929935782368
  0.60782317896071347  0.61422969944860695  0.62050830914628397  0.62652180954521342
  0.63196546406571319  0.63736719184704971  0.64277985046037089  0.64826220372135257
  0.65387473139264396  0.65928005809138834  0.66477906677912557  0.66991429111885337
  0.67497547630742250  0.68009353411710460  0.68529380806455253  0.69070431619796402
  0.69617161818137219  0.70150197758037658  0.70675206073735686  0.71190684593393039
  0.71711157372423917  0.72231311554919297  0.72752268774782036  0.73265524734252196
  0.73783206417637404  0.74313071939483988  0.74845091958526089  0.75368450922903907
  0.75883899744598471  0.76396163622209978  0.76909734186922241  0.77449185919763686
  0.77992620883382680  0.78536519945414673  0.79094500018728031  0.79682109567324366
  0.80301265771476271  0.80942654967416194  0.81598915587723730  0.82277378395381850
  0.82966831378934447  0.83671324499547906  0.84434559622355687  0.85230304508018218
  0.86051079832053246  0.86912963824695011  0.87869964243024945  0.88949157809824220
  0.90192254839467056  0.91766640118882248  0.94217075009347540  1.00000000000000000
   4.3847451398881923E-004  -1.0000000000000000     
 F F F F F F F F F F F F F F F F F F F F F F F F F F F F F F F F
  <DiscreteSampler_grid>
  grouped_processes
  1 # 1 for a reference and 2 for a running grid.
  10 # Attribute 'min_bin_probing_points' of the grid.
  1 # Attribute 'grid_mode' of the grid. 1=='default',2=='initialization'
  0.0000000000000000 # Attribute 'small_contrib_threshold' of the grid.
  0.5000000000000000 # Attribute 'damping_power' of the grid.
 # binID   n_entries weight   weight_sqr   abs_weight
    10   10   3.238420780633836E+008   1.092445351852762E+017   3.238420780633836E+008
    11   10   3.238420780633836E+008   1.092445351852762E+017   3.238420780633836E+008
  </DiscreteSampler_grid>
