  0.00000294964996904  0.00000662171458492  0.00001235951351783  0.00001789474016945
  0.00002297399529256  0.00002791462920965  0.00003276430155418  0.00003757647668860
  0.00004240123670121  0.00004724792343484  0.00005210331073672  0.00005701029443046
  0.00006193023084484  0.00006689838547272  0.00007194312036635  0.00007709679500391
  0.00008238592441969  0.00008777769845301  0.00009329780875979  0.00009894995093397
  0.00010469559690708  0.00011054624823503  0.00011653206627881  0.00012264592466889
  0.00012890580962577  0.00013525042100948  0.00014172404859780  0.00014832021137141
  0.00015504936545968  0.00016185722835059  0.00016871274584949  0.00017563566459308
  0.00018264317709260  0.00018980023622125  0.00019720111479657  0.00020517289356795
  0.00021330662107073  0.00022177680322382  0.00023053283155457  0.00023947351959786
  0.00024899893165036  0.00025870633516779  0.00026898723445562  0.00027970418109535
  0.00029074674005287  0.00030225614312837  0.00031416226136697  0.00032655375338925
  0.00033953000445228  0.00035293847916780  0.00036698262735922  0.00038162481335437
  0.00039706786330142  0.00041360515868789  0.00043073352018101  0.00044856439717450
  0.00046730577177574  0.00048685006291636  0.00050799687797770  0.00052966700136250
  0.00055322624591161  0.00057732116382629  0.00060329831849537  0.00063031892262428
  0.00065902331599531  0.00068975565700521  0.00072333149150790  0.00076008377218802
  0.00080006864943004  0.00084399698700152  0.00089198428741218  0.00094554287352519
  0.00100209305250933  0.00106324193789478  0.00112864541062156  0.00120004271615612
  0.00128062502667604  0.00136833645435617  0.00146597568989819  0.00157620703200659
  0.00170464500672899  0.00185157980213089  0.00201934879932319  0.00221160973725251
  0.00242853655953986  0.00268562045855675  0.00301032422086534  0.00341290285602841
  0.00389782804428181  0.00449535475291990  0.00534565642354440  0.00668096470780144
  0.00930123581480349  0.01542398444719149  0.31540285211077163  1.00000000000000000
 -0.00241417092443223  0.00916304541086325  0.01894747594310581  0.02961932893679902
  0.04013065701825774  0.05061092804318230  0.06094909223440492  0.07137828647402729
  0.08188421963152291  0.09223915675283115  0.10254562494088013  0.11319252434256834
  0.12374902838518125  0.13434534505222007  0.14470510787134302  0.15523556401312716
  0.16567673519494422  0.17636908075468960  0.18663336048970841  0.19688020951117835
  0.20714055488027078  0.21765749035019638  0.22848490277959399  0.23895673737099740
  0.24961355486467984  0.26008629252356896  0.27049878179591885  0.28118663595731247
  0.29167535336553158  0.30273889444234758  0.31370742301938426  0.32415121569202643
  0.33445290799063920  0.34461967779524771  0.35525196189678931  0.36585510636848595
  0.37638945106497335  0.38700394123196702  0.39751188558710304  0.40802758928133603
  0.41844083214329036  0.42879980145084146  0.43910087869724651  0.44966891407609666
  0.46038977700024536  0.47072183824941549  0.48122227759724234  0.49169893292545269
  0.50210428103049620  0.51225950185422120  0.52246725469410915  0.53298447445766428
  0.54353492354587607  0.55405008963023983  0.56456649057143615  0.57519796200350481
  0.58584811791566427  0.59660840705843277  0.60748975001653382  0.61869226807795497
  0.62983166285403480  0.64082364407198400  0.65144991291501653  0.66190320222134080
  0.67244522726610945  0.68304090446710586  0.69355507770248837  0.70396040056651432
  0.71450955472379540  0.72516582982774591  0.73572329157095318  0.74643333402473366
  0.75740285005612928  0.76828125117650237  0.77897085627743945  0.78936532210813581
  0.79975143181194386  0.81003541426275694  0.82028957803336511  0.83057201446509710
  0.84094156371962359  0.85135415497802447  0.86170806860547622  0.87222290828440996
  0.88299619679015129  0.89414920826558442  0.90505861265448107  0.91584793849488277
  0.92629051271307838  0.93678111888257409  0.94710863788972743  0.95745633539881103
  0.96785514478433943  0.97839745351827845  0.98924662757689708  1.00000000000000000
 -0.00383999881495154  0.02439815752246772  0.04504065813472891  0.06237495532974111
  0.07793304867740164  0.09231345470788697  0.10583838808698014  0.11848478066872849
  0.13069900862503839  0.14267387958758668  0.15430898606888452  0.16554697213669053
  0.17640255129738935  0.18700163371410103  0.19742466125905009  0.20763619251073506
  0.21761543976651720  0.22745735117771501  0.23716663142698111  0.24667949793500005
  0.25600206784530305  0.26514714858937066  0.27424377677356709  0.28313069161683352
  0.29195246568480970  0.30081045972250031  0.30959589409146820  0.31823096307604221
  0.32674957413987726  0.33521149583033438  0.34374578400929484  0.35224372975876594
  0.36055462953369155  0.36876833083922256  0.37699951970723733  0.38526302053037836
  0.39354930307299113  0.40166856265312423  0.40959698360435914  0.41753593801321182
  0.42528585110369227  0.43307030482880221  0.44086959522042418  0.44882199005520329
  0.45670411094121444  0.46453651454969136  0.47232443843179944  0.48017339216335170
  0.48816647605730240  0.49620769304112827  0.50414469235433479  0.51199876894178609
  0.51973585168664649  0.52747279375143830  0.53527333664985910  0.54311226468361140
  0.55098620628859951  0.55880499111012205  0.56671092703492321  0.57464319290212862
  0.58265327232649777  0.59063035034934908  0.59861250189852377  0.60667620441731862
  0.61486650037779533  0.62313911797623012  0.63133857086143852  0.63944431952833813
  0.64759089807730796  0.65587222292020697  0.66427265546935055  0.67269477914814291
  0.68118956642418615  0.68975475050040547  0.69836493303832614  0.70703803379313424
  0.71610838915880382  0.72545580411208155  0.73510195905625642  0.74485607792981379
  0.75475413251350787  0.76482767991702383  0.77509035427841377  0.78560628373439889
  0.79638117212118975  0.80729920910413755  0.81857557932787706  0.83033208126589153
  0.84275397098818172  0.85590533318020656  0.87019513148648031  0.88583669604761861
  0.90330342558383014  0.92407740153722850  0.95137529628400463  1.00000000000000000
 -0.01902732707602183  0.10897119138600896  0.14479536529165518  0.16677829046015097
  0.18406604319677844  0.19875562424501966  0.21179609013141029  0.22374003168206902
  0.23458822106654467  0.24476988462197863  0.25443336852228571  0.26379688293301562
  0.27287378434612963  0.28154882334216996  0.28991964741015758  0.29792333152651790
  0.30581175037267078  0.31363330256131655  0.32128536490322807  0.32873783418745323
  0.33590927902449869  0.34273790894798961  0.34952187644088206  0.35620287829182684
  0.36284809564010168  0.36936787531855531  0.37572204740736809  0.38192674686183370
  0.38804970325217242  0.39413695298900903  0.40012809693423601  0.40600238613291134
  0.41184015398164459  0.41766156424608281  0.42335154389154117  0.42912379591895200
  0.43486290371166558  0.44060531460745717  0.44629134186657948  0.45193465234378738
  0.45757120326212120  0.46317856452874423  0.46877523612531530  0.47435852556110419
  0.47988414191427864  0.48537785270034145  0.49086638019426493  0.49638444795976239
  0.50190699874126221  0.50741333526131083  0.51283321496058332  0.51822537688076897
  0.52362252626701955  0.52902998633222120  0.53449834505943439  0.54002506632947411
  0.54565560865023277  0.55136434985523253  0.55707480678333632  0.56285280378773639
  0.56870183868902424  0.57459422174132546  0.58042277140940679  0.58622280499142621
  0.59210754877587524  0.59806498350737125  0.60413492496384424  0.61023660708170502
  0.61637913776807307  0.62260975768083393  0.62895708866625755  0.63538832804866485
  0.64185273797037745  0.64846929049898372  0.65536161465004195  0.66245245914805162
  0.66970811516543427  0.67708513019045735  0.68449875562641815  0.69215877853337104
  0.70007602784862955  0.70818009441392871  0.71641173824039606  0.72482281930981485
  0.73367626131691321  0.74315651190819210  0.75315087580184581  0.76381855648600139
  0.77510686082956914  0.78718878671827985  0.80041230052685186  0.81533512550568776
  0.83275448927130502  0.85475938368904525  0.89023559023930343  1.00000000000000000
   2.3477394538967671E-003  -1.0000000000000000     
 F F F F F F F F F F F F F F F F F F F F F F F F F F F F F F F F
  <DiscreteSampler_grid>
  grouped_processes
  1 # 1 for a reference and 2 for a running grid.
  10 # Attribute 'min_bin_probing_points' of the grid.
  1 # Attribute 'grid_mode' of the grid. 1=='default',2=='initialization'
  0.0000000000000000 # Attribute 'small_contrib_threshold' of the grid.
  0.5000000000000000 # Attribute 'damping_power' of the grid.
 # binID   n_entries weight   weight_sqr   abs_weight
    10   10   9.942716283881369E+008   5.769757150088691E+018   9.942716283881369E+008
    16   10   9.942716283881371E+008   5.769757150088691E+018   9.942716283881371E+008
  </DiscreteSampler_grid>
