  0.00000236773022472  0.00000237672201627  0.00000239055930526  0.00000240997127527
  0.00000243060296653  0.00000245082511181  0.00000247257589193  0.00000249666487554
  0.00000252266175610  0.00000254978609697  0.00000257703419425  0.00000260529284955
  0.00000263485993464  0.00000266578740190  0.00000269834315080  0.00000273037576353
  0.00000276772379507  0.00000280680074762  0.00000284694276544  0.00000288893335595
  0.00000293302240956  0.00000297755944629  0.00000302299655098  0.00000306758455116
  0.00000311263665192  0.00000316014175287  0.00000321198998087  0.00000326994069181
  0.00000333445537484  0.00000339822402039  0.00000346405972334  0.00000353188876709
  0.00000360111443225  0.00000366998157496  0.00000374413428722  0.00000384078879248
  0.00000393374880528  0.00000402988161186  0.00000413015887291  0.00000423428280980
  0.00000434655276376  0.00000447166488375  0.00000460610972087  0.00000474084847570
  0.00000488490564557  0.00000503968219649  0.00000520541411543  0.00000537980914660
  0.00000555875144522  0.00000574587238152  0.00000595682525699  0.00000618196603871
  0.00000641721028513  0.00000666170957563  0.00000692469314869  0.00000721557346775
  0.00000751133519378  0.00000782304807494  0.00000816616139179  0.00000853726835256
  0.00000893342175466  0.00000936861025228  0.00000985527004758  0.00001037022508505
  0.00001093631641834  0.00001158316719017  0.00001228770671431  0.00001308341214446
  0.00001393789015587  0.00001485064680643  0.00001584050877829  0.00001692734042075
  0.00001817208905723  0.00001958652290097  0.00002117670866724  0.00002296228943314
  0.00002496311995191  0.00002743229608445  0.00003028508464173  0.00003358332032104
  0.00003741593457212  0.00004183649509059  0.00004697684553076  0.00005283409825556
  0.00006001405909806  0.00006925412572627  0.00008165049786402  0.00009694355216182
  0.00011793098468881  0.00014902247254255  0.00019354880482547  0.00026234449870678
  0.00038441644952415  0.00095680996882769  0.00371639216804609  1.00000000000000000
 -0.00296911505881745  0.01136195861757472  0.02252549170460658  0.03284392179657628
  0.04290129412715837  0.05324565997433523  0.06381476306219248  0.07469993140358626
  0.08586238550392493  0.09747521136257298  0.10862793170338071  0.11916087752748840
  0.12963688437617027  0.14015373109871240  0.15086994682852173  0.16161812004658430
  0.17255430779576217  0.18336010943977374  0.19385633839312677  0.20428619652764413
  0.21488517138969390  0.22560147529081387  0.23588614115194034  0.24590660251027988
  0.25622103574520200  0.26666294836924276  0.27709020809903623  0.28753068460373582
  0.29773004648219903  0.30758596631979890  0.31737673495201535  0.32698459633354737
  0.33669571747399152  0.34614706711054161  0.35595021494883400  0.36606453373595471
  0.37656480929096436  0.38714068820413361  0.39820129056803655  0.40986741898698392
  0.42117060983725052  0.43164187746860738  0.44187983259414659  0.45234170940105145
  0.46303334500874194  0.47345949419552102  0.48374485460161060  0.49399154815364160
  0.50430328036894401  0.51486888265504094  0.52560407830322653  0.53615056845461939
  0.54610552448814353  0.55552754288572948  0.56487507281885818  0.57405955558266020
  0.58316423421805541  0.59263266505605083  0.60182474252557738  0.61185890685633249
  0.62254588304753078  0.63277495626121671  0.64280325822002049  0.65285712753766734
  0.66286962464257526  0.67281849285051432  0.68281226257925498  0.69312230809175623
  0.70396743520481198  0.71491809987288102  0.72565728112969952  0.73629707994694005
  0.74699661556708219  0.75805484268848067  0.76926711816419424  0.78033737915843826
  0.79132605243156684  0.80211825510868340  0.81313272452050367  0.82445953483440126
  0.83598367859208345  0.84730598498846510  0.85827084329222425  0.86883599314665505
  0.87964173916419164  0.89060900996784031  0.90132706766462289  0.91230861786028261
  0.92348845578501604  0.93509490730052125  0.94656786850027830  0.95781857304547946
  0.96855221490802890  0.97872521468714480  0.98941230549561288  1.00000000000000000
  0.00557669494789799  0.02313024211962674  0.04145860799044802  0.06089251492352597
  0.08057086452510975  0.10000341852891270  0.11868423900600504  0.13709486818326255
  0.15581812853462582  0.17470058375480518  0.19309924797108172  0.21049520485238266
  0.22708519392220250  0.24327524888298369  0.25958476147186560  0.27568523940177281
  0.29147113314543061  0.30741498730612349  0.32351506373900285  0.33949563220992951
  0.35493404455467026  0.36989420775369253  0.38464350674337255  0.39926758039083721
  0.41357462065683509  0.42820149454438755  0.44258497538868530  0.45642488153480515
  0.46993507272651636  0.48327160286371934  0.49648458473086987  0.50989223533915240
  0.52363709107394030  0.53740282049389743  0.55074451038844685  0.56370853216398997
  0.57619174122053451  0.58859399911385613  0.60076914077729371  0.61265687829020288
  0.62433513520901851  0.63573201560130632  0.64697151206982262  0.65789907033871542
  0.66861405865179735  0.67912401451715210  0.68952873530012315  0.69979287366692267
  0.70993993046712034  0.71990364443249255  0.72972798697901420  0.73936859993433834
  0.74894065790377973  0.75844329312211478  0.76774773488579973  0.77681751769133145
  0.78563868606175646  0.79435862579461591  0.80320351053945649  0.81198804226058807
  0.82075524934725153  0.82913112745580608  0.83756477539538865  0.84579382059666619
  0.85370455495743180  0.86123413193879139  0.86866560514823077  0.87597387798068205
  0.88303135583981540  0.88990827452318710  0.89659774413708593  0.90300052196617242
  0.90918845898604128  0.91533816519468814  0.92128169627315470  0.92716600053181664
  0.93294056865424158  0.93849587314784111  0.94376162838188071  0.94880529853517404
  0.95368325631806705  0.95826720757070050  0.96240564809924511  0.96614734739065078
  0.96987796422983719  0.97355300585419402  0.97710620885098054  0.98054928076883807
  0.98369775956696770  0.98658220193574797  0.98927678016248011  0.99176365090098995
  0.99397350227312997  0.99604926557089557  0.99804994533471314  1.00000000000000000
  0.00815042474376361  0.08608545302449967  0.11922782555896862  0.14175123068999926
  0.16022351949694438  0.17678584001119590  0.19218431248656534  0.20649086002713765
  0.22001384917538838  0.23297185890133076  0.24533146457617674  0.25757828600480503
  0.26968567656059045  0.28114252425603092  0.29197452967634158  0.30249132596286260
  0.31318203420399859  0.32360332146544235  0.33388163355427258  0.34379918446535795
  0.35359802778316141  0.36313957369918115  0.37253411968731426  0.38192894412487044
  0.39143175469682001  0.40051775589662014  0.40940378400207350  0.41803655723301986
  0.42616498341729014  0.43441144011814786  0.44149285998481341  0.44819906341300075
  0.45515548343153112  0.46200814632764392  0.46890581423943301  0.47577448853327681
  0.48302506673069029  0.49036292058647529  0.49754144979028270  0.50526262368786923
  0.51366901656692410  0.52217429387854963  0.53091539370728102  0.53975111069948556
  0.54883671866372197  0.55785246733843219  0.56681437514839539  0.57561038340727089
  0.58387230296643289  0.59100621030377842  0.59785242594409427  0.60463554196047253
  0.61120519117030514  0.61797861450548408  0.62483243444004932  0.63136533957874696
  0.63792678499505506  0.64464189334216393  0.65190623869671604  0.65923236233414229
  0.66630161737304916  0.67313169232418057  0.67985954663474968  0.68671227173922011
  0.69379686327173395  0.70092597196702044  0.70778454435051463  0.71435470697637060
  0.72098295941813662  0.72742900596399285  0.73404807561503671  0.74075442642362743
  0.74747981582269207  0.75419912955963275  0.76097645650318169  0.76774170698968780
  0.77438985989468601  0.78091235229647205  0.78742923877000703  0.79412277785875018
  0.80106233749879818  0.80812611817215863  0.81536275782390177  0.82283191327836780
  0.83016208710887851  0.83782591259545725  0.84561134761079304  0.85367254143107363
  0.86209085394695861  0.87094800769290415  0.88044742357085415  0.89103202975278473
  0.90358086514837288  0.91970255348061503  0.94490458641630182  1.00000000000000000
   528.10051903553574       -1.0000000000000000     
 F F F F F F F F F F F F F F F F F F F F F F F F F F F F F F F F
  <DiscreteSampler_grid>
  grouped_processes
  1 # 1 for a reference and 2 for a running grid.
  10 # Attribute 'min_bin_probing_points' of the grid.
  1 # Attribute 'grid_mode' of the grid. 1=='default',2=='initialization'
  0.0000000000000000 # Attribute 'small_contrib_threshold' of the grid.
  0.5000000000000000 # Attribute 'damping_power' of the grid.
 # binID   n_entries weight   weight_sqr   abs_weight
    28   10   4.081922296406209E+010   5.568943772909375E+021   4.081922296406209E+010
    31   10   8.688876342410999E+010   2.430314243896090E+022   8.688876342410999E+010
    32   10   8.688876342410997E+010   2.430314243896090E+022   8.688876342410997E+010
    34   10   4.081922296406209E+010   5.568943772909375E+021   4.081922296406209E+010
    37   10   8.442148863709602E+010   2.327722733139283E+022   8.442148863709602E+010
    38   10   8.442148863709601E+010   2.327722733139283E+022   8.442148863709601E+010
    43   10   8.442148863709601E+010   2.327722733139283E+022   8.442148863709601E+010
    44   10   8.442148863709601E+010   2.327722733139283E+022   8.442148863709601E+010
    46   10   8.442148863709602E+010   2.327722733139283E+022   8.442148863709602E+010
    47   10   8.442148863709602E+010   2.327722733139283E+022   8.442148863709602E+010
    52   10   4.081922296406209E+010   5.568943772909377E+021   4.081922296406209E+010
    58   10   4.081922296406207E+010   5.568943772909372E+021   4.081922296406207E+010
  </DiscreteSampler_grid>
