  0.00000238856716210  0.00000242136800493  0.00000246577137754  0.00000251341756148
  0.00000256368906351  0.00000261355199027  0.00000266285709321  0.00000271170179136
  0.00000276113734260  0.00000281352158297  0.00000286717271680  0.00000292059120594
  0.00000297463779756  0.00000302942249443  0.00000308465182347  0.00000314006960284
  0.00000319948387111  0.00000326120507027  0.00000332512593079  0.00000339049953934
  0.00000345630040866  0.00000352334007317  0.00000359143765827  0.00000365941273114
  0.00000373366216373  0.00000381418944153  0.00000389589844071  0.00000397949830218
  0.00000406430280734  0.00000415027964178  0.00000423895960954  0.00000433132885144
  0.00000442822220453  0.00000453271940023  0.00000463861201218  0.00000474617358495
  0.00000485591408461  0.00000496884358886  0.00000508926594613  0.00000522345222008
  0.00000536102766763  0.00000550132923089  0.00000564481244722  0.00000579704463891
  0.00000596258931099  0.00000614107956672  0.00000632761278578  0.00000651806824872
  0.00000670915765231  0.00000693243099972  0.00000716954519957  0.00000741722431599
  0.00000767661082945  0.00000795354404795  0.00000825411310107  0.00000857568266606
  0.00000890983707991  0.00000927069052294  0.00000966817072341  0.00001008528952897
  0.00001052211222938  0.00001100602879236  0.00001153877699698  0.00001208598524412
  0.00001269315037551  0.00001335407902147  0.00001404177567152  0.00001481343352626
  0.00001564040401391  0.00001650996389632  0.00001747364303242  0.00001851508140659
  0.00001965559783813  0.00002094780828243  0.00002239435404923  0.00002407518695150
  0.00002594434619783  0.00002801744830793  0.00003029421833913  0.00003280498434546
  0.00003558257367293  0.00003866383334327  0.00004234404489381  0.00004675042329423
  0.00005210385314137  0.00005842134864631  0.00006616358113890  0.00007584480462152
  0.00008892190060796  0.00010597355335272  0.00012711402909415  0.00015184988086701
  0.00018584198859553  0.00023313979479447  0.00843384991017216  1.00000000000000000
 -0.00231494282490155  0.00911676671723016  0.01904963874316886  0.02949786766440476
  0.03997351784044059  0.05053168328510334  0.06116082741409642  0.07204347531501921
  0.08294560307211492  0.09367130360022727  0.10441771640225055  0.11511303028502651
  0.12554578667058938  0.13575384109142757  0.14590278877868304  0.15620481104531761
  0.16649807921267898  0.17695035686788785  0.18742891399247397  0.19769161112010369
  0.20798790378404991  0.21831338386103716  0.22885476202219895  0.23922296240925506
  0.24965265608901641  0.26023802882059555  0.27076900691693612  0.28125558681848661
  0.29164725547922982  0.30222916854639070  0.31281082718591874  0.32347087882552433
  0.33407435718187811  0.34444534172870983  0.35477434579932204  0.36516024514851020
  0.37549302923288697  0.38601128062271128  0.39633406549309735  0.40701814873980291
  0.41762300037609884  0.42824278987185732  0.43885758547098308  0.44893015517953982
  0.45904866758650309  0.46902640864174500  0.47913988194042012  0.48919577391734931
  0.49940770109740151  0.50983174921727958  0.52025436374135026  0.53075130186802655
  0.54130690458504127  0.55204281327196791  0.56286540935217400  0.57369921093967902
  0.58463969869878074  0.59546573466430308  0.60624033103582886  0.61691431624251025
  0.62741309482044239  0.63774973531241697  0.64814566997488765  0.65880869634419759
  0.66959201538267121  0.68030184744574462  0.69104952286823640  0.70171421925164523
  0.71234678654497574  0.72284527901283313  0.73346027207079134  0.74395035722474900
  0.75445659988086711  0.76508530060276003  0.77569686821081874  0.78647208780671063
  0.79722087383575291  0.80814632995219515  0.81883335499233301  0.82944268594493409
  0.84011860344795153  0.85074653541544487  0.86142270925334308  0.87207250163316041
  0.88276105904116942  0.89334147643084816  0.90393620784515183  0.91471308823777631
  0.92531521352624457  0.93607061952432302  0.94686776737955425  0.95774919452458496
  0.96835202352117111  0.97888908465074098  0.98945833143084927  1.00000000000000000
 -0.00143307788855936  0.01217634776660027  0.02442287462322842  0.03753710194875572
  0.05003801085205188  0.06233543531852904  0.07449952632048409  0.08666074961932976
  0.09863506835077604  0.11039686097339994  0.12191457031947817  0.13320194490071802
  0.14444907921998043  0.15579959157787349  0.16726934004818772  0.17857662521739529
  0.18956207692533267  0.20032057009354859  0.21102014565024049  0.22165548603304427
  0.23206895268950112  0.24230725394564523  0.25272530262882964  0.26345528673149743
  0.27415690190070707  0.28463412471027771  0.29489887025512362  0.30517000319011950
  0.31553935931854848  0.32584808431938661  0.33606815924480204  0.34615303043554713
  0.35628009668691368  0.36654099560778253  0.37661381969521479  0.38636982532636033
  0.39599658153806877  0.40568768747672429  0.41553737458023715  0.42535349970737585
  0.43514653624863103  0.44498096865531839  0.45483004136379074  0.46459607523218777
  0.47434572878409176  0.48411809416998530  0.49389964442287265  0.50356481736315006
  0.51304730483963334  0.52244365926303571  0.53172762757165670  0.54091511345367849
  0.55004479368884496  0.55920944868888167  0.56842736629005919  0.57772165315084978
  0.58708478806062669  0.59646996153120935  0.60588774022398428  0.61531663469827003
  0.62474698993911093  0.63411087632774321  0.64344622983718291  0.65276199059609119
  0.66216991240408263  0.67158439979653117  0.68095701212569471  0.69035535110546953
  0.69967679661986648  0.70920086985222297  0.71861992571616840  0.72816851110890846
  0.73766204517899969  0.74709977537517080  0.75644770158842867  0.76569202207931819
  0.77504428384552682  0.78460530970616416  0.79421457188140310  0.80383131202405367
  0.81353783632573351  0.82340558005817710  0.83347257057013469  0.84364000478075107
  0.85389148378606028  0.86421836015896436  0.87463413134379109  0.88519040335414745
  0.89590537843308427  0.90702682689221903  0.91861462468991184  0.93091020251946299
  0.94409764519844430  0.95886249627713627  0.97712732794790746  1.00000000000000000
 -0.01229709084817568  0.08457503050750104  0.11694341078676695  0.13913019667632756
  0.15720780283830324  0.17297183310753395  0.18718587506974166  0.20028816694225235
  0.21239216739595676  0.22361453609134727  0.23423467402702408  0.24423765651296248
  0.25372946979717642  0.26283981838255766  0.27166342206242022  0.28013094845642772
  0.28838090244227776  0.29642322835572704  0.30436318211220875  0.31223111521624392
  0.31995007628980793  0.32754403139359550  0.33498195150475335  0.34226627910615798
  0.34946240375682081  0.35656734282053848  0.36357782076047140  0.37054652327401633
  0.37750001618166723  0.38437929392292630  0.39114158368756918  0.39774748674604904
  0.40419096278859751  0.41062306677135768  0.41700196539583195  0.42331776733330950
  0.42959956491685719  0.43584690782804270  0.44196871520818065  0.44804502987759448
  0.45415800640286846  0.46031266974670437  0.46646145579291404  0.47257600688264845
  0.47869025859653852  0.48483519890209170  0.49096998840753442  0.49707116329862661
  0.50323337294213699  0.50942508511062190  0.51561655273814955  0.52168095516796054
  0.52777031931350293  0.53389909657227441  0.54002159468225552  0.54613213225561719
  0.55219620929910895  0.55822412169937319  0.56423205369182972  0.57025731502345567
  0.57643600935848116  0.58269994546542658  0.58913937244889003  0.59565448977357249
  0.60219512860354540  0.60877364533067235  0.61545045393002640  0.62210823094949730
  0.62887184873750968  0.63572496037234449  0.64261581242998922  0.64957716870882221
  0.65661022402038105  0.66375540295055646  0.67105649295053726  0.67854987095823438
  0.68620973413374997  0.69403817417809233  0.70201467274850238  0.71014507818396277
  0.71848760783925036  0.72702137099970721  0.73588755559026864  0.74514952573483895
  0.75481033272614917  0.76498039341295221  0.77565818714265877  0.78710213496084214
  0.79938278117297501  0.81254936734806071  0.82670643674723365  0.84241008606847112
  0.86082647346900210  0.88329949567459976  0.91595242989648706  1.00000000000000000
   20.367189256517591       -1.0000000000000000     
 F F F F F F F F F F F F F F F F F F F F F F F F F F F F F F F F
  <DiscreteSampler_grid>
  grouped_processes
  1 # 1 for a reference and 2 for a running grid.
  10 # Attribute 'min_bin_probing_points' of the grid.
  1 # Attribute 'grid_mode' of the grid. 1=='default',2=='initialization'
  0.0000000000000000 # Attribute 'small_contrib_threshold' of the grid.
  0.5000000000000000 # Attribute 'damping_power' of the grid.
 # binID   n_entries weight   weight_sqr   abs_weight
    10   10   1.420881658632289E+009   4.824603963380379E+018   1.420881658632289E+009
    16   10   1.420881658632288E+009   4.824603963380378E+018   1.420881658632288E+009
  </DiscreteSampler_grid>
