  0.00000237557156198  0.00000239028208960  0.00000240532560073  0.00000242063900681
  0.00000243824548938  0.00000245794949541  0.00000247786060850  0.00000250060056356
  0.00000252733238826  0.00000255503312489  0.00000258342844104  0.00000261257167820
  0.00000264251226233  0.00000267324784335  0.00000270507945209  0.00000273972411366
  0.00000277654341881  0.00000281517238486  0.00000285620868336  0.00000289787846286
  0.00000294049821258  0.00000298438862233  0.00000302962339299  0.00000307615445457
  0.00000312327192954  0.00000317002922499  0.00000322410624486  0.00000328087229263
  0.00000333993491809  0.00000340129708612  0.00000346473634438  0.00000352982464422
  0.00000359637147929  0.00000366334888695  0.00000373892887762  0.00000381990000823
  0.00000390384582211  0.00000398955816992  0.00000407673508815  0.00000416520475808
  0.00000425724288888  0.00000435523071015  0.00000446313206484  0.00000457594206047
  0.00000469074928345  0.00000480813759535  0.00000492957536585  0.00000506167699482
  0.00000520702503127  0.00000535990500004  0.00000551618263624  0.00000567460023293
  0.00000584908530333  0.00000604076392951  0.00000624269888881  0.00000645343201813
  0.00000667236605165  0.00000690863123375  0.00000718336845448  0.00000746627367234
  0.00000776033866942  0.00000808659895648  0.00000844908942440  0.00000882190578205
  0.00000922140284718  0.00000967923635262  0.00001016200154804  0.00001068032412530
  0.00001127926929717  0.00001191739720312  0.00001262557212234  0.00001340725579170
  0.00001424638884024  0.00001523125277789  0.00001631848850200  0.00001756252652861
  0.00001896421783380  0.00002055208541000  0.00002236267021113  0.00002447248520457
  0.00002695714949796  0.00003003395278848  0.00003370341376625  0.00003809109529832
  0.00004343078578916  0.00004999558221129  0.00005852815499170  0.00006957157423668
  0.00008444209091728  0.00010409022012256  0.00013426307163753  0.00018040002241362
  0.00026050896798200  0.00047968004383061  0.00354278404099380  1.00000000000000000
 -0.00242437369634377  0.00922864884617619  0.01932376107633295  0.02964795641683064
  0.04023041835526211  0.05097202045118417  0.06164624102699077  0.07211677745210945
  0.08249470110134530  0.09283895154924783  0.10317850656943280  0.11382240965780298
  0.12462450312618609  0.13535277245154248  0.14577408248724666  0.15586161742402493
  0.16567229825792787  0.17543638701342243  0.18511492089649484  0.19504663708241271
  0.20529024076319530  0.21589318500545029  0.22657394276121490  0.23700549047594119
  0.24734473568785392  0.25774077868107576  0.26824422801916142  0.27903058605295977
  0.28996301173006650  0.30061866769374362  0.31130095256971890  0.32215426048981416
  0.33296353492671660  0.34335678875245329  0.35346413499964707  0.36385198000136260
  0.37448133256939425  0.38519005449614130  0.39578997573939628  0.40622572746488972
  0.41656374297015814  0.42681907159616406  0.43706596484489429  0.44742237073035113
  0.45776310639003132  0.46814951956313305  0.47859629782652768  0.48907504966622756
  0.49963210003123137  0.51015572618439697  0.52076048961078336  0.53144027277679551
  0.54232571553805753  0.55347750819321051  0.56447939597411534  0.57517926554788290
  0.58582270657912838  0.59663881734827295  0.60758714798925928  0.61819966906939128
  0.62881520346958630  0.63918799209299060  0.64976062855761807  0.66021094751056608
  0.67075986888066075  0.68147745573634555  0.69234661599928771  0.70330963185872331
  0.71427959276118602  0.72490032127431703  0.73518762446408570  0.74522341952443028
  0.75539091446781237  0.76571380967585134  0.77592219445462485  0.78638301388538945
  0.79728653245401426  0.80876494442896341  0.81983688597421100  0.83040545238511609
  0.84084431185373409  0.85121048945649214  0.86187314281054073  0.87244166032726289
  0.88297677571208921  0.89362796826599300  0.90435526775704422  0.91523336930080657
  0.92564424677625168  0.93606428792566487  0.94655312132337843  0.95700545910843537
  0.96748445030428210  0.97813803816479550  0.98907781115319560  1.00000000000000000
 -0.00194994025038521  0.01465658856624286  0.02941523249132699  0.04399508865690503
  0.05827993391535317  0.07242681715395279  0.08646947374660512  0.10054414658799701
  0.11473911357196272  0.12870928460167610  0.14217263545800404  0.15532386409554827
  0.16848359043161656  0.18158053667076424  0.19508392955788378  0.20855712965969936
  0.22188781740818264  0.23508309942080990  0.24846685724169870  0.26163729146682091
  0.27439335641829526  0.28677908752229192  0.29906161256369396  0.31141637289595558
  0.32389795415375683  0.33639275315392692  0.34885174791287182  0.36134015615030884
  0.37378150893254775  0.38594444992403859  0.39771255080714607  0.40927464321595253
  0.42080754382126956  0.43244814418392025  0.44413237006169376  0.45585687481928322
  0.46762665623572852  0.47925276507012154  0.49047531723045701  0.50149914769218262
  0.51242065770849299  0.52319780391142423  0.53374330547251447  0.54443060616098149
  0.55538978761586888  0.56624462528957431  0.57704470266991703  0.58769930601688991
  0.59812764984791289  0.60836033767294706  0.61852345416910570  0.62863257882939427
  0.63867219581541701  0.64872902607961247  0.65874276728683212  0.66851675813602596
  0.67810881874059870  0.68770192804831420  0.69721203130415055  0.70660141946036858
  0.71593735370943123  0.72532176823709837  0.73477886385735891  0.74425025333786721
  0.75356242319391664  0.76271841380089578  0.77180785789458173  0.78086601064562433
  0.78988795812628287  0.79882969742431409  0.80757954140369936  0.81635026245076370
  0.82497340483846693  0.83359086968975926  0.84206551478425329  0.85039200327309095
  0.85860008190029136  0.86676137295906652  0.87485025599922417  0.88279981569699306
  0.89068565659957677  0.89858471849994037  0.90646213198911008  0.91422177631957258
  0.92175594673759598  0.92918660952792809  0.93658957430737455  0.94393216067153174
  0.95118900698450037  0.95841023016432181  0.96541402891313244  0.97234657835101612
  0.97924857611975336  0.98610169580233875  0.99301626353789851  1.00000000000000000
 -0.01421323311714968  0.09121288170768913  0.12522069976858977  0.14697524409622834
  0.16427500375180173  0.17923170858332199  0.19254804820899180  0.20487903506042451
  0.21664519261706372  0.22775029389468196  0.23811903365246689  0.24804651684452431
  0.25741450302014451  0.26667415914947751  0.27564589948821938  0.28434687940117859
  0.29268893445154981  0.30053350366625187  0.30820264636440015  0.31569795312457893
  0.32305327180424565  0.33030326708106855  0.33739390941282293  0.34443083938516650
  0.35142754919501362  0.35832380569334971  0.36513084883522662  0.37179622942677232
  0.37823284777196120  0.38446595844417886  0.39061666537199857  0.39678904836381640
  0.40299731110081016  0.40923558143605343  0.41541912472521086  0.42160409480855227
  0.42766851606236916  0.43357841830856381  0.43941193296839148  0.44523226393782478
  0.45124554743713996  0.45736362023070398  0.46347563596627961  0.46956733363040970
  0.47558729737416633  0.48160838497236974  0.48770384186092458  0.49381663853980279
  0.49989284149940566  0.50603794114464795  0.51215251065335998  0.51816141068063137
  0.52424475770277701  0.53036981543512074  0.53665474637475519  0.54286235385815929
  0.54896313688212672  0.55507568976204191  0.56125598418101164  0.56748846342794601
  0.57371295519553844  0.57985539057389557  0.58602000761336870  0.59232686601256912
  0.59856885773715196  0.60504952031028636  0.61152221001739981  0.61809383260872053
  0.62472703719582034  0.63148242237646857  0.63844920009277928  0.64549050450322187
  0.65251448058629480  0.65957499477313719  0.66678487246327756  0.67416986532530732
  0.68173823637600806  0.68949879207762710  0.69740616138237643  0.70545499460467087
  0.71371419188468310  0.72222903498871627  0.73110712926543442  0.74038283438625363
  0.75005769165363145  0.76009068092095633  0.77031368785997123  0.78075146820023311
  0.79195194532958546  0.80432258203049578  0.81809261260907729  0.83284476891047643
  0.85077482627243839  0.87242023141557401  0.90250580443675232  1.00000000000000000
   3411.0638182609637       -1.0000000000000000     
 F F F F F F F F F F F F F F F F F F F F F F F F F F F F F F F F
  <DiscreteSampler_grid>
  grouped_processes
  1 # 1 for a reference and 2 for a running grid.
  10 # Attribute 'min_bin_probing_points' of the grid.
  1 # Attribute 'grid_mode' of the grid. 1=='default',2=='initialization'
  0.0000000000000000 # Attribute 'small_contrib_threshold' of the grid.
  0.5000000000000000 # Attribute 'damping_power' of the grid.
 # binID   n_entries weight   weight_sqr   abs_weight
    10   10   5.553216722277214E+011   1.468075917777466E+024   5.553216722277214E+011
    16   10   5.553216722277213E+011   1.468075917777466E+024   5.553216722277213E+011
  </DiscreteSampler_grid>
