 -0.00608726521150622  0.06439775519290730  0.09994958136955859  0.12764797536205141
  0.14915673678278851  0.16739322186802746  0.18346901778059882  0.19796410200548598
  0.21137985917581231  0.22386490600667247  0.23550950893908854  0.24634304792757467
  0.25621683408039442  0.26574547886786287  0.27491184342000902  0.28370996161824968
  0.29212486393014370  0.30009324520310460  0.30778041637302295  0.31532539533799459
  0.32275867242957929  0.32994425189796411  0.33696928991534925  0.34387210521315814
  0.35054778382609891  0.35685139943468402  0.36284656022875111  0.36882140483203202
  0.37473886700722508  0.38062304019516935  0.38645061685686738  0.39214732212616499
  0.39768267487466746  0.40313222618846561  0.40850433919162987  0.41382068381305603
  0.41913711509280882  0.42445998924373440  0.42974263446210376  0.43497718978140115
  0.44019248059069854  0.44528565139901916  0.45032427135162717  0.45534361986532518
  0.46032772863451521  0.46532766499341927  0.47031813104993991  0.47525352059730924
  0.48015685202710284  0.48508274961327541  0.48994870374910926  0.49485904266739311
  0.49994853253533894  0.50513047363567043  0.51033991739491691  0.51558238577316773
  0.52083270301418871  0.52601220655603709  0.53122556426728051  0.53641713323405538
  0.54164350201787703  0.54693916732042358  0.55229294451372557  0.55772314750166885
  0.56323604002823846  0.56878718923868710  0.57430582699173394  0.57979351642888532
  0.58522475700688525  0.59108929507042995  0.59727636706796994  0.60401823363230578
  0.61102067174176267  0.61797427263768689  0.62500749829378588  0.63227111985987483
  0.63965638931469038  0.64723021350101340  0.65502834581074076  0.66296772565526196
  0.67107132650626500  0.67942697518511752  0.68795701403588283  0.69658539032988098
  0.70541543964373432  0.71758715834655729  0.73014933559711936  0.74320208069950588
  0.75734300505664620  0.77269315023515683  0.78973980111697095  0.80849817002529134
  0.83023637561319363  0.86157293580465821  0.90689569668963077  1.00000000000000000
 -0.00202735611276718  0.00953937168888453  0.01928444934008996  0.02965097830725543
  0.04037931369307891  0.05115125871492555  0.06189889524723559  0.07243168787787579
  0.08268396293771051  0.09302027421671499  0.10336438290331039  0.11391016385350555
  0.12476873984223850  0.13558533113602828  0.14633639060693585  0.15632113991339741
  0.16648028701576453  0.17699122179204410  0.18750031405074019  0.19798598891627814
  0.20825411365740493  0.21964298950779379  0.23048128555521316  0.24055905932020130
  0.25041488881290586  0.26051837564533858  0.27076517990106463  0.28075285057710997
  0.29066416261287631  0.30061066857546870  0.31053374560468439  0.32066834340917183
  0.33062875112253159  0.34092155455909806  0.35163181235225277  0.36278137999984839
  0.37389692815091580  0.38477255439629932  0.39547613776497542  0.40594193051321154
  0.41616727237985107  0.42685991563418013  0.43795290114654922  0.44902646533987095
  0.46004315631770576  0.47078490461906819  0.48111528953298754  0.49103468447653698
  0.50090849605175802  0.51092509855874724  0.52082343715009216  0.53066104365578293
  0.54045228428832581  0.55025613861805611  0.56021825558979066  0.57045207613932980
  0.58075274644223063  0.59087710660112369  0.60085216156905530  0.61100903035078191
  0.62127679153152382  0.63142429985170989  0.64175239130649786  0.65271745461498654
  0.66421395308070252  0.67528946225002628  0.68616021202786037  0.69707347119646845
  0.70786659513029959  0.71831252181117111  0.72866601876096371  0.73915608103364561
  0.74966707722581505  0.76034464744886454  0.77133504704773526  0.78244807585899179
  0.79350523735192113  0.80445294094182107  0.81536087017743919  0.82588400580769517
  0.83675249433257626  0.84753353577392265  0.85858248565293815  0.86963824361152875
  0.88068093644698964  0.89171751936558996  0.90279657285363979  0.91392458891664774
  0.92470293656383140  0.93545776411442239  0.94630134606286254  0.95697099621275783
  0.96759029685683351  0.97791651888965314  0.98882806832356451  1.00000000000000000
  0.00870833318167980  0.01440152762633454  0.01861570588371247  0.02364645932380055
  0.02977160481843141  0.03583387591473122  0.04186926021019959  0.04804303721367929
  0.05429413631054043  0.06050744992748595  0.06675609382879166  0.07317218026782957
  0.07960528834006873  0.08601812604838971  0.09235276334732173  0.09867096071213531
  0.10510146802330715  0.11163510026694486  0.11831360111902604  0.12513025058438176
  0.13208406302094233  0.13901102264522475  0.14578232227773943  0.15306928303660425
  0.16029342883724548  0.16757403950936911  0.17499614546334799  0.18246136625774409
  0.19012626135408919  0.19796366763429490  0.20581182755285096  0.21355332406958680
  0.22128073840317947  0.22915447076554959  0.23734735906272159  0.24567322487465107
  0.25382800557240098  0.26173620521934210  0.26969430431689323  0.27797863386942084
  0.28646651859462646  0.29502445152307438  0.30360376216472651  0.31217669902914047
  0.32078799018280185  0.32949573176827318  0.33832932195495108  0.34730738401921313
  0.35633135016281764  0.36528570083980749  0.37424295355632264  0.38331836667595975
  0.39270381274153410  0.40188042062380447  0.41096892730594603  0.42016471257626026
  0.42952305780650951  0.43912585573011736  0.44892718520397057  0.45900118925906952
  0.46934727927421466  0.47976309878517154  0.49016357468164784  0.50052925155517725
  0.51103931580376805  0.52170874991121541  0.53241120763837346  0.54318450818684028
  0.55395085333679062  0.56508723303407982  0.57648412589689613  0.58793385297627487
  0.59941829383609169  0.61090148467858107  0.62265710975781630  0.63490282249359897
  0.64753503174027671  0.66034363945839591  0.67341704049024576  0.68670446752794778
  0.70020554146249969  0.71409480089070265  0.72866302441508546  0.74348632114101598
  0.75846350277577179  0.77376843430870990  0.78933755186471888  0.80578952793066416
  0.82274447839062437  0.84047519668068582  0.85901153388270324  0.87862741542217326
  0.90024796059082968  0.92533067599901164  0.95714972322348579  1.00000000000000000
 -0.01686877933610556  0.09931265774764618  0.13740675940388092  0.16264255716711676
  0.18353364654389900  0.20203723881250940  0.21884347157237952  0.23453758737826141
  0.24903176110754255  0.26238859217339988  0.27502543387376815  0.28722280170796771
  0.29901695717486787  0.31067996485032523  0.32237467448910606  0.33375228719474476
  0.34435920629984051  0.35442302201883452  0.36426240317811681  0.37403491916615772
  0.38370234689024280  0.39314342396477392  0.40263417314269589  0.41230037105608763
  0.42201466788585545  0.43165249157363178  0.44100371846461855  0.45001828655948506
  0.45876031076509866  0.46722846298535692  0.47558340783163899  0.48406464925330545
  0.49267643077754175  0.50118974415829665  0.50959914460182676  0.51809958751620211
  0.52660567771020361  0.53503813788610410  0.54326390910933220  0.55125496924836359
  0.55926045087603371  0.56736741297116033  0.57552419603721572  0.58363341979313799
  0.59152318530320780  0.59929208043581439  0.60696449830700561  0.61439322017580977
  0.62183603167572266  0.62941214558102254  0.63714691786004340  0.64470614854674180
  0.65231543685806337  0.65996749659368226  0.66764911211863376  0.67528243497428875
  0.68270542218690733  0.68985012527619305  0.69680838258413513  0.70374123167744540
  0.71070840917600919  0.71762175430997277  0.72448800389868240  0.73133396096347336
  0.73805226462416895  0.74461540075894839  0.75099371880826093  0.75726183856827201
  0.76345690026352664  0.76961685981519545  0.77567888497695059  0.78179066036576916
  0.78798109432321772  0.79417477789167867  0.80036898768469023  0.80653184290682722
  0.81262695453938472  0.81870987131508799  0.82486316444791330  0.83096868142879532
  0.83721415894093509  0.84348718117948063  0.84980754190143548  0.85616780817768168
  0.86259558433989392  0.86915289093190407  0.87590192892815177  0.88284699965028657
  0.88991959384128660  0.89731913984740219  0.90546996003242064  0.91410422626628618
  0.92394837138543207  0.93596483938788755  0.95425557868432553  1.00000000000000000
   5.6347584492768762E-002  -1.0000000000000000     
 F F F F F F F F F F F F F F F F F F F F F F F F F F F F F F F F
  <DiscreteSampler_grid>
  grouped_processes
  1 # 1 for a reference and 2 for a running grid.
  10 # Attribute 'min_bin_probing_points' of the grid.
  1 # Attribute 'grid_mode' of the grid. 1=='default',2=='initialization'
  0.0000000000000000 # Attribute 'small_contrib_threshold' of the grid.
  0.5000000000000000 # Attribute 'damping_power' of the grid.
 # binID   n_entries weight   weight_sqr   abs_weight
    10   10   5.627239875391858E+006   1.045116111469401E+014   5.627239875391858E+006
    11   10   5.627239875391858E+006   1.045116111469401E+014   5.627239875391858E+006
  </DiscreteSampler_grid>
