  0.00000238114011692  0.00000243067936241  0.00000246023205362  0.00000248166630035
  0.00000250632290633  0.00000253165490387  0.00000255751624766  0.00000258411915782
  0.00000261147805927  0.00000263917138486  0.00000266733323111  0.00000269616071711
  0.00000272518875340  0.00000275736935164  0.00000279222961604  0.00000282793393521
  0.00000286498837944  0.00000290293125470  0.00000294147156428  0.00000298112303974
  0.00000302138477240  0.00000306220155528  0.00000310386203820  0.00000314626782783
  0.00000318963895636  0.00000324129803956  0.00000329920961139  0.00000335739722040
  0.00000341635816483  0.00000347666563367  0.00000353827246559  0.00000360113313953
  0.00000366374172723  0.00000373071423231  0.00000380646735231  0.00000388528811703
  0.00000396538598560  0.00000404766959720  0.00000413222165739  0.00000421781472533
  0.00000431048538593  0.00000440924508401  0.00000451722866738  0.00000462952696992
  0.00000474410669741  0.00000486114582465  0.00000498301087250  0.00000511518310550
  0.00000525774591538  0.00000540721958135  0.00000556155201532  0.00000571903346671
  0.00000589641521138  0.00000609127073014  0.00000629516680444  0.00000650419040449
  0.00000672312489658  0.00000696510638715  0.00000722321979340  0.00000749317286554
  0.00000777583742424  0.00000808521510622  0.00000843469686365  0.00000879206646005
  0.00000917494850022  0.00000959743987471  0.00001005335831109  0.00001052336617059
  0.00001106657277036  0.00001167851718268  0.00001231471364863  0.00001307550306464
  0.00001388735894939  0.00001478366005306  0.00001577515716176  0.00001689024363720
  0.00001818378891981  0.00001962622453503  0.00002122571943305  0.00002307044037753
  0.00002525250488803  0.00002776589314572  0.00003069736955071  0.00003421516128372
  0.00003862553698573  0.00004401623606097  0.00005101558764673  0.00006013096337637
  0.00007288315096712  0.00009038594168864  0.00011427012928984  0.00014768939328494
  0.00020611356149298  0.00034050410756728  0.01607301673543975  1.00000000000000000
 -0.00238791884847820  0.00927811216356805  0.01920691707811911  0.02961010710496668
  0.04008932600246360  0.05060804410106677  0.06109162382658989  0.07131844202644544
  0.08138654992467981  0.09179132801030770  0.10199998790882342  0.11243293959545000
  0.12283395942437522  0.13329585548103653  0.14384383426647385  0.15427119203083667
  0.16476863769209746  0.17534398320482969  0.18602677236905688  0.19675000253504554
  0.20772694521175433  0.21836019443762622  0.22879836432466705  0.23894982208907686
  0.24924647025920549  0.25978568999689144  0.27041994328408442  0.28113299568095979
  0.29185974377078189  0.30250492004967311  0.31330757362713552  0.32400956132907532
  0.33459180944507316  0.34531830864610097  0.35588706436229239  0.36642197967281703
  0.37696502921754410  0.38763729317922163  0.39819587858719196  0.40847417960918403
  0.41857189067536366  0.42879807440893225  0.43911734828822224  0.44958816482225067
  0.46022364561906309  0.47109127840634091  0.48172031455450903  0.49183650858458267
  0.50197251956574596  0.51255799468025931  0.52330992702862111  0.53387008229890853
  0.54446517819995310  0.55522931407132003  0.56603661723380250  0.57653087846862328
  0.58707838667899459  0.59736129736251697  0.60797560249128879  0.61867765718531575
  0.62958384107319521  0.64017745691592387  0.65087232162544617  0.66147268451399532
  0.67218103751078162  0.68264199510931678  0.69299063240873904  0.70297504614865514
  0.71294787495019785  0.72306128366646971  0.73346170095734819  0.74408082866330261
  0.75440555845706980  0.76463764586164340  0.77492336216348168  0.78571843223705629
  0.79673862601663703  0.80799942136817748  0.81901535802919667  0.83010626400721865
  0.84108823289448975  0.85210853692276145  0.86297867975299092  0.87372867437709911
  0.88427023947976702  0.89473525918251751  0.90506650756491291  0.91558463304302573
  0.92573561324293030  0.93597863853610663  0.94649147099116648  0.95709407674651670
  0.96765937539274371  0.97817375222102110  0.98905615694279847  1.00000000000000000
 -0.00088464779509758  0.01408016586809321  0.02829250121410687  0.04268573542800533
  0.05689947488696590  0.07078867858719762  0.08429461660834214  0.09754610391349333
  0.11084289309050357  0.12416433927557929  0.13743144427771081  0.15096435921331766
  0.16470330780422840  0.17821594127353904  0.19160628940434660  0.20488611205826282
  0.21781434928474591  0.23053718607969259  0.24322344974249960  0.25574589219804206
  0.26827506421337455  0.28098547818249420  0.29361393130594438  0.30604193744021935
  0.31836716507138452  0.33068500493536318  0.34309534788178858  0.35551032406795768
  0.36791229386076424  0.38026831535786310  0.39268525845963426  0.40504726145571279
  0.41705255863487622  0.42843320841051269  0.43969158113312240  0.45099505476610008
  0.46243426617379341  0.47390521276028330  0.48549109996101314  0.49710279159920623
  0.50880495146395377  0.52053373491657984  0.53187891828474754  0.54307592085844725
  0.55393699036382715  0.56487456529674329  0.57560194529396969  0.58640315803319831
  0.59698294147728503  0.60751833386549325  0.61816030394178245  0.62873685896441189
  0.63918171724336703  0.64950661689516798  0.65975628431438293  0.66991341934487636
  0.67988067813125619  0.68988088770157019  0.69972865481990010  0.70945432365617445
  0.71892667121937481  0.72855668616458125  0.73815431333120685  0.74769809820160560
  0.75742188748118910  0.76704282482498998  0.77676049675839032  0.78631107374227005
  0.79571346759944228  0.80499931993537188  0.81406305661818401  0.82290373843104170
  0.83157800726583964  0.84002609764496405  0.84836284376609661  0.85662166150629515
  0.86470165860396520  0.87261033844486258  0.88045082783982109  0.88828641774459394
  0.89615400226301323  0.90397129776819019  0.91156096876513160  0.91906295699959528
  0.92648722524170823  0.93378159935061900  0.94087924215947427  0.94759349648370172
  0.95430550324844043  0.96105627740595467  0.96778935260239685  0.97445491742753099
  0.98096512809477543  0.98731096229034332  0.99366220287316964  1.00000000000000000
 -0.01141869660220367  0.09200692414852774  0.12548059702153960  0.14688652018225187
  0.16416919952693204  0.17934465027653382  0.19326696669747384  0.20611572603769174
  0.21790707897915840  0.22875933986770866  0.23887106223503410  0.24852934282394379
  0.25784974772709729  0.26702809958573159  0.27581061982944399  0.28423440072932671
  0.29237801941815461  0.30031301104380576  0.30826580543866422  0.31604006182283828
  0.32355513627938792  0.33087720516487867  0.33806767955529055  0.34519429794468542
  0.35228155274232320  0.35929182516918856  0.36620265336715241  0.37300543763423571
  0.37964961187974011  0.38622242021033476  0.39265811794209049  0.39912194835683151
  0.40549380449020533  0.41187888136859413  0.41828009402231264  0.42471472075237454
  0.43112786238724260  0.43745555044412282  0.44365174085587428  0.44978505077850500
  0.45589632049401424  0.46193508734438726  0.46794243566454313  0.47398508233074094
  0.48002923966977512  0.48602646112272757  0.49209004155376340  0.49820513369874381
  0.50437351388074292  0.51055639707818279  0.51674188930256526  0.52293533220196275
  0.52911927326168584  0.53526006521078162  0.54132446921368116  0.54731645861414757
  0.55328824299869850  0.55923942495704704  0.56519935784185160  0.57116848065504189
  0.57713451688628836  0.58313820503395764  0.58915147997910577  0.59522210107594364
  0.60135551777846630  0.60768193734627474  0.61402525534934915  0.62042699556583747
  0.62689988948190967  0.63358763206628710  0.64041548993220632  0.64731949127516875
  0.65425558167864983  0.66124236374453793  0.66842131541850947  0.67589235242087320
  0.68355905694409558  0.69137294742644628  0.69930626721496747  0.70731198438615939
  0.71557234026831251  0.72403043965665315  0.73277280041047055  0.74196854819735858
  0.75159212270972942  0.76168118806196494  0.77219138215477046  0.78329165454982785
  0.79498459723470682  0.80730278688902213  0.82073825228138342  0.83561395202927724
  0.85262666130518139  0.87350263077533141  0.90635090667545370  1.00000000000000000
   3373.0342471375984       -1.0000000000000000     
 F F F F F F F F F F F F F F F F F F F F F F F F F F F F F F F F
  <DiscreteSampler_grid>
  grouped_processes
  1 # 1 for a reference and 2 for a running grid.
  10 # Attribute 'min_bin_probing_points' of the grid.
  1 # Attribute 'grid_mode' of the grid. 1=='default',2=='initialization'
  0.0000000000000000 # Attribute 'small_contrib_threshold' of the grid.
  0.5000000000000000 # Attribute 'damping_power' of the grid.
 # binID   n_entries weight   weight_sqr   abs_weight
    10   10   3.061194329995073E+010   1.463742132326843E+021   3.061194329995073E+010
    16   10   3.061194329995073E+010   1.463742132326843E+021   3.061194329995073E+010
  </DiscreteSampler_grid>
