  0.00000238654193414  0.00000244817362468  0.00000249056339497  0.00000253467855764
  0.00000258259694041  0.00000263056875636  0.00000267780289001  0.00000272550717086
  0.00000277373678153  0.00000282680954504  0.00000287945574133  0.00000293215780474
  0.00000298527890802  0.00000303883975176  0.00000309242227703  0.00000314694248602
  0.00000320328573512  0.00000326290263695  0.00000332516032131  0.00000338831252076
  0.00000345252481671  0.00000351805136423  0.00000358435688846  0.00000365149934321
  0.00000372170845048  0.00000379769281404  0.00000387603298334  0.00000395642154003
  0.00000403799504200  0.00000412073812662  0.00000420514552690  0.00000429209364823
  0.00000438259896367  0.00000448563151983  0.00000458920350125  0.00000469391091390
  0.00000480038408983  0.00000490889642500  0.00000502042499329  0.00000514753521326
  0.00000528138147219  0.00000541752320362  0.00000555625002040  0.00000569963663384
  0.00000585115120890  0.00000601493893939  0.00000619407179256  0.00000637544056186
  0.00000655946822564  0.00000675621814069  0.00000696919031729  0.00000719569543387
  0.00000743240966924  0.00000767988782507  0.00000794309300576  0.00000822936221795
  0.00000853314647020  0.00000884346220327  0.00000916471526390  0.00000954434036786
  0.00000994600598322  0.00001036532884964  0.00001082110469987  0.00001133302451043
  0.00001187892923427  0.00001245751880564  0.00001310206375595  0.00001378754736533
  0.00001452080260470  0.00001532179163682  0.00001617148295896  0.00001712001950978
  0.00001819306600575  0.00001936470688681  0.00002066022834925  0.00002210765730329
  0.00002376886991865  0.00002561682561310  0.00002764115258314  0.00002989755951276
  0.00003250645123069  0.00003542867799244  0.00003864672284342  0.00004231344734269
  0.00004673211737696  0.00005216902750177  0.00005861402122435  0.00006645697051666
  0.00007671504142158  0.00008914100799528  0.00010717750863672  0.00013447744202297
  0.00017671003711984  0.00023611267186541  0.01274447982203288  1.00000000000000000
 -0.00259692422937649  0.00977323436956191  0.02015718254303408  0.03088840825919400
  0.04162163430495928  0.05235631102013064  0.06285004724641109  0.07327540121804064
  0.08377870952470144  0.09445888464543403  0.10507134160719409  0.11567925525091172
  0.12615443583182423  0.13660891814495810  0.14703571238582228  0.15742844426195124
  0.16791824396339056  0.17822716230411079  0.18887329968573333  0.19967188189646987
  0.21049617169210388  0.22122787776072131  0.23191171710900241  0.24254987455943491
  0.25293084218222667  0.26331284720525450  0.27393952237396685  0.28478265924354235
  0.29557132830344579  0.30624113255973395  0.31686918188635183  0.32756868221964891
  0.33824507598200276  0.34882855352024716  0.35916466987275397  0.36927347434080970
  0.37942840011121687  0.38959207757287245  0.39979371377564749  0.40983221697307343
  0.41993812352585802  0.43012246408418836  0.44019667166179904  0.45056864911294275
  0.46091756682984919  0.47148822759503578  0.48189687737449916  0.49273857526110515
  0.50359731048954592  0.51436413840854467  0.52513557511271403  0.53586390773068082
  0.54640891184123308  0.55690132411440751  0.56740064086403474  0.57796860549117224
  0.58847938070576733  0.59905360908868555  0.60977401966690781  0.62041146603566610
  0.63088254411202649  0.64108569389012160  0.65131323363372662  0.66161292100358637
  0.67211191791926106  0.68270036460792083  0.69328104636538235  0.70384609884019200
  0.71434412337452491  0.72489060367453761  0.73540184631344374  0.74586690561396440
  0.75647646538981017  0.76705733208469018  0.77774190431039081  0.78822837025093029
  0.79874044172587655  0.80926845797108871  0.81984456614686396  0.83050918528219630
  0.84116223896148323  0.85179224209677273  0.86247893263887632  0.87293245171554690
  0.88334322116733277  0.89358791475877153  0.90407167166145574  0.91452634860750304
  0.92506150373405571  0.93544545939007717  0.94602482836102120  0.95670025885536136
  0.96754558539761637  0.97837992753060565  0.98922733222076031  1.00000000000000000
 -0.00052406113808529  0.01174466175367077  0.02362112903146743  0.03529146485888977
  0.04698159297188308  0.05850559184532642  0.07003109501925582  0.08137751035215872
  0.09268817450428508  0.10393849739905898  0.11529877850391414  0.12668302399961490
  0.13801354516491229  0.14925393259203557  0.16048323774049517  0.17175186020356153
  0.18305292476034463  0.19427694829359085  0.20535072735369250  0.21628946944738747
  0.22709916274954281  0.23783095513361316  0.24846261844774448  0.25897557873124061
  0.26933268640718105  0.27971913671153742  0.29026375984974817  0.30093065953553677
  0.31147487440494420  0.32168422398973828  0.33175571366211637  0.34177184159030011
  0.35182804320585909  0.36178756219576241  0.37170435291990461  0.38162099830734797
  0.39152214210657738  0.40136721049988844  0.41116899024696013  0.42094417136353290
  0.43070859938069039  0.44043961174868285  0.45026502375865923  0.46015830721993672
  0.47008371876347466  0.47984037882530689  0.48942480223241136  0.49897102846204927
  0.50856211116876693  0.51811512646005942  0.52745611195653108  0.53660162224829377
  0.54574667137883892  0.55504527193121345  0.56455445402200377  0.57421351054823921
  0.58389836942117446  0.59353056873931309  0.60310424156023767  0.61270019093628614
  0.62236169683853215  0.63201756401855813  0.64167952150600127  0.65134494051032754
  0.66098364995412495  0.67053509456424976  0.67984182068719823  0.68924621409094078
  0.69861755153910388  0.70799861107130324  0.71735020540402772  0.72675610062618623
  0.73620040242871498  0.74573338639706932  0.75521124045668941  0.76468476796458551
  0.77403214755440042  0.78336418996104062  0.79279575776541100  0.80236797633263879
  0.81202485159842019  0.82171485998596905  0.83154507339948602  0.84168273427371743
  0.85210821164583550  0.86277994956591575  0.87366172450296231  0.88470162783577810
  0.89586367315386695  0.90720428324308711  0.91893205820377577  0.93134915617113778
  0.94468160855777328  0.95957138170439826  0.97770542193784715  1.00000000000000000
 -0.01519652634694871  0.08578349506082816  0.11869090204589608  0.14015439219778772
  0.15779887207298357  0.17316692440914161  0.18695806586929886  0.19973443126637147
  0.21170641613451388  0.22291260659942491  0.23342114674147821  0.24350702199010327
  0.25332047652816519  0.26284369179926820  0.27212719172202726  0.28104396383634694
  0.28972692819928514  0.29803207513451624  0.30617727153502960  0.31407747961519783
  0.32169263867308917  0.32911831014468773  0.33638619630799671  0.34352934559386605
  0.35061572610804348  0.35763250289255388  0.36455643802877058  0.37145506966269037
  0.37832845074322397  0.38509445132824149  0.39182344420211279  0.39842222957926998
  0.40498905792148859  0.41149228076257244  0.41786618460374408  0.42411433948023747
  0.43028295364760133  0.43647497359700738  0.44260762293012096  0.44873485231414395
  0.45490347020341704  0.46108157897221580  0.46728059732485089  0.47342670210806698
  0.47955436624991121  0.48569149092885017  0.49189404973832185  0.49817435492333673
  0.50429815406643463  0.51039529203351963  0.51645617663682297  0.52249687350115570
  0.52854946501787392  0.53463524267731521  0.54076573966271380  0.54691881174941881
  0.55307808521435853  0.55924019878537745  0.56536934542565276  0.57151578486901256
  0.57762046611456075  0.58383593273348811  0.59013994740142073  0.59658204182566887
  0.60312762481615168  0.60979229925544609  0.61646423859378374  0.62311148968928243
  0.62999839570131488  0.63700085440679177  0.64398724597753887  0.65096746713428888
  0.65797489879609738  0.66504917467119673  0.67223199417465029  0.67956518837958890
  0.68710036556591791  0.69481425485829795  0.70262130720695470  0.71057789875846733
  0.71885866171529622  0.72733239634283209  0.73615875869158931  0.74522185207503922
  0.75479389354163184  0.76500458972207253  0.77572990787557505  0.78709499456694487
  0.79917228389648320  0.81208810668832732  0.82599300446544888  0.84141841078358104
  0.85900226204017982  0.88062410845016925  0.91356541769246991  1.00000000000000000
   20.508302309212681       -1.0000000000000000     
 F F F F F F F F F F F F F F F F F F F F F F F F F F F F F F F F
  <DiscreteSampler_grid>
  grouped_processes
  1 # 1 for a reference and 2 for a running grid.
  10 # Attribute 'min_bin_probing_points' of the grid.
  1 # Attribute 'grid_mode' of the grid. 1=='default',2=='initialization'
  0.0000000000000000 # Attribute 'small_contrib_threshold' of the grid.
  0.5000000000000000 # Attribute 'damping_power' of the grid.
 # binID   n_entries weight   weight_sqr   abs_weight
    10   10   3.755129149464771E+008   2.412516713596175E+017   3.755129149464771E+008
    16   10   3.755129149464771E+008   2.412516713596176E+017   3.755129149464771E+008
  </DiscreteSampler_grid>
