 -0.00272854713405750  0.06091725551782098  0.09109863084164536  0.11589986007065697
  0.13726647480111789  0.15534987648652770  0.17131949235834457  0.18574726514111503
  0.19913227010980422  0.21206012612961664  0.22447476038940903  0.23619649134055173
  0.24718840146903207  0.25749782472232785  0.26729331229665843  0.27662141494338227
  0.28560542487182305  0.29428378542437028  0.30263778577220207  0.31064652671172327
  0.31834331153806861  0.32577343383153623  0.33304126814191481  0.34011711320774418
  0.34700049196813404  0.35367531448405354  0.36010090541578732  0.36636371679320306
  0.37253177682697874  0.37860713069317775  0.38460673088429714  0.39050130678576961
  0.39626952942767429  0.40194609993350494  0.40767743144671259  0.41331138417631652
  0.41889222286818600  0.42436766160697137  0.42974318216424690  0.43504442339756716
  0.44030892507001651  0.44553350671706143  0.45070597813272617  0.45591249598261879
  0.46111032240725924  0.46629821045556130  0.47139887992591961  0.47647462025266341
  0.48154807149547385  0.48660523408646017  0.49165265002751174  0.49676379070694526
  0.50194889274524557  0.50730753160870390  0.51264342541019536  0.51794600744530706
  0.52320596310002232  0.52843100967518419  0.53366421889856253  0.53894781269077052
  0.54436201230960490  0.54981081054821024  0.55528022842230307  0.56076532967615378
  0.56622669875375664  0.57165576384759287  0.57716472751663883  0.58278080994820181
  0.58833425900558212  0.59453767607766961  0.60114121089197603  0.60792812700285226
  0.61482785923794259  0.62186169665644486  0.62901824685445540  0.63636950316170959
  0.64392947641394549  0.65170270079050163  0.65970447043953262  0.66792298706909337
  0.67635366369399852  0.68498898936573915  0.69388163600589137  0.70331427557032777
  0.71411166592973940  0.72713737180002291  0.74029144699715899  0.75394440958668296
  0.76844779242184369  0.78435825897557221  0.80173626866534897  0.82107976985452469
  0.84382369103866706  0.87668740150682201  0.92078342498416654  1.00000000000000000
 -0.00234746774223964  0.00958358744232445  0.01948426584218393  0.03003722996237852
  0.04069530366486152  0.05152495574603547  0.06237631423351299  0.07366617865218744
  0.08506364435895657  0.09628733799319279  0.10727733148643107  0.11760800469354185
  0.12779060051566596  0.13814110140542984  0.14801027903911748  0.15777213931627618
  0.16744272450108658  0.17796853505339816  0.18789383152125536  0.19731759119759085
  0.20676663623103014  0.21680334302358698  0.22716776354516377  0.23771763657378570
  0.24822871881246372  0.25865900407205200  0.26870587285661190  0.27888089341684447
  0.28904787610661947  0.29916403775918282  0.30918615914762215  0.31924671682459876
  0.32962406996278681  0.34001394562792631  0.35050243994784525  0.36125196043750274
  0.37242630208680100  0.38339408560298827  0.39441772033548395  0.40602065157889916
  0.41786317893490493  0.42855808960762021  0.43922419950763170  0.44992428378976101
  0.46049351178192416  0.47081304161141807  0.48120969050283896  0.49208930712332954
  0.50305877374109131  0.51379782579574029  0.52433111484151762  0.53460434996700590
  0.54485487610016770  0.55496338547161883  0.56503765674380335  0.57518375011431178
  0.58567416397953742  0.59648555690809524  0.60722122479759888  0.61769850173800922
  0.62818964365392227  0.63911497284668206  0.65061312553191497  0.66236319118080988
  0.67339161415661775  0.68397436641012233  0.69476818089013781  0.70596934866322292
  0.71666042158035181  0.72708565569676642  0.73755730332606806  0.74816816439940581
  0.75848642846398784  0.76876781866405763  0.77916161797306949  0.78963275612799599
  0.80008871664284154  0.81063999394814323  0.82122546985878886  0.83201754453796517
  0.84204115591252415  0.85201882125946904  0.86211444558410921  0.87221728585453262
  0.88244025097085099  0.89252137549337573  0.90316960927951706  0.91413739025064145
  0.92506394743117215  0.93598634364356259  0.94671195974921740  0.95752231529423526
  0.96832912074995858  0.97874991083268958  0.98947823101926657  1.00000000000000000
  0.00200646521703866  0.00638903361090159  0.01219383916770552  0.01750585507537145
  0.02279893294665586  0.02819075429376186  0.03364498475300454  0.03918190646415666
  0.04480754624721965  0.05054528173763322  0.05628472763055446  0.06199679158225479
  0.06774551652594039  0.07352795184385663  0.07929970612282511  0.08520549156176635
  0.09122868109077736  0.09732566339433145  0.10352215948724819  0.10977334891537452
  0.11598054575804757  0.12214760988730630  0.12839613824266535  0.13477028098780894
  0.14119643415386593  0.14757304035734731  0.15391936898560390  0.16037845666600564
  0.16703348649072100  0.17394339963843233  0.18084928568603670  0.18770688477125361
  0.19475778570687066  0.20196245393568324  0.20915802961387350  0.21634197833062133
  0.22349552588612148  0.23071781327322788  0.23837199306354673  0.24602393174840448
  0.25373323793768093  0.26122930898707930  0.26869816719365441  0.27639818492134183
  0.28443930401004408  0.29280807112283302  0.30120602887271170  0.30951627659580194
  0.31785281756708739  0.32630168417941757  0.33486924838378562  0.34347752790271824
  0.35215737851846934  0.36099537796222125  0.36991510078124523  0.37872660970317662
  0.38742537574579455  0.39627984956812395  0.40530859334557773  0.41459517021817283
  0.42408817960578710  0.43399833243742625  0.44384020810799718  0.45385301796732724
  0.46391538239315916  0.47415594821514534  0.48453802857095696  0.49507106230896941
  0.50584746170979300  0.51676667559304756  0.52786400797544797  0.53903327944742663
  0.55015259161236418  0.56165113368548103  0.57374094658153907  0.58616446837444591
  0.59859725772528449  0.61127183481046388  0.62448414614708503  0.63807184030001063
  0.65195305437551110  0.66602452837810755  0.68082244914409329  0.69622713785759560
  0.71216993444842813  0.72873779000004557  0.74605893882000507  0.76441960055643177
  0.78449794636858106  0.80529672077288939  0.82664470710298976  0.84878023715280282
  0.87373928611406959  0.90268760250282243  0.94096088806215916  1.00000000000000000
 -0.00091732301432798  0.08464074522811312  0.11424608904348141  0.13545743978521321
  0.15354819355416169  0.17006124442679282  0.18495833036315390  0.19811627435105192
  0.21015831256971543  0.22166326175496676  0.23249728625414734  0.24268400664593773
  0.25251772209342038  0.26201005504863201  0.27116936665458463  0.27975680876728320
  0.28806434954056293  0.29627529848577600  0.30441735204439146  0.31242707399772185
  0.32043035214586979  0.32833647334991317  0.33578868389503164  0.34287871539109588
  0.34997831181868622  0.35704683975568147  0.36397806573079267  0.37073768061850770
  0.37733547231602416  0.38390374786355391  0.39045098373716802  0.39702242205655314
  0.40402108144047028  0.41083877207644026  0.41759832870761648  0.42429168682500329
  0.43084685548581980  0.43731916505099905  0.44348527766547319  0.44956980036694844
  0.45580225400189539  0.46210575969608536  0.46840665694173356  0.47464639363735833
  0.48084280038303018  0.48718753322847103  0.49361310229499922  0.50010955378554633
  0.50664736525489096  0.51323180810295155  0.51983207005301646  0.52611304901026379
  0.53217232207062981  0.53813991162084041  0.54404840441259728  0.54999798253422605
  0.55599612647224450  0.56217056438432433  0.56852283388323566  0.57498793491435596
  0.58155785437266294  0.58770563250209584  0.59404326167364119  0.60042172161186758
  0.60683923063378420  0.61321987392364818  0.61960223245777579  0.62605124392570255
  0.63258415687160474  0.63917444339101104  0.64588599309299766  0.65284243803637232
  0.65999613075189167  0.66729025331143932  0.67480240309462602  0.68250464572302061
  0.69027108338529553  0.69805880168495904  0.70587835519356568  0.71385635355343080
  0.72205646982836769  0.73064782519981453  0.73965164920751203  0.74890723088657729
  0.75866050654086314  0.76896494848419761  0.77982108176131459  0.79157926689102531
  0.80426749689488219  0.81757636675286405  0.83147006114344180  0.84742091883089832
  0.86563980179200994  0.88739593420410168  0.91764261115135781  1.00000000000000000
   62.570304346548383       -1.0000000000000000     
 F F F F F F F F F F F F F F F F F F F F F F F F F F F F F F F F
  <DiscreteSampler_grid>
  grouped_processes
  1 # 1 for a reference and 2 for a running grid.
  10 # Attribute 'min_bin_probing_points' of the grid.
  1 # Attribute 'grid_mode' of the grid. 1=='default',2=='initialization'
  0.0000000000000000 # Attribute 'small_contrib_threshold' of the grid.
  0.5000000000000000 # Attribute 'damping_power' of the grid.
 # binID   n_entries weight   weight_sqr   abs_weight
    10   10   3.438154675659934E+008   2.044597664517698E+017   3.438154675659934E+008
  </DiscreteSampler_grid>
