  0.01301623707589179  0.01744598892309162  0.02525599139258570  0.03511112281852915
  0.04469678928085292  0.05440437664002116  0.06423413898077895  0.07425849037915244
  0.08435277392233181  0.09455057149138987  0.10487674770351489  0.11544537463008539
  0.12615187061410141  0.13699469716746285  0.14796362935958049  0.15911167761644771
  0.17031709662361064  0.18163205727967335  0.19304620414333387  0.20458211897929313
  0.21620010480982488  0.22791034833767426  0.23972792219347028  0.25166293248985755
  0.26374102834613650  0.27593669267486881  0.28823766057739331  0.30063079421856653
  0.31313991983955286  0.32578568202305141  0.33851082145232464  0.35123736914188874
  0.36393093033470941  0.37669638079531415  0.38949476150221218  0.40232263303598265
  0.41510347534774922  0.42788958896242407  0.44069563622516955  0.45360088324358633
  0.46640570776816642  0.47912131383525175  0.49174852923194073  0.50422871748737452
  0.51658583213171072  0.52877772064618511  0.54089407075543983  0.55291663075899877
  0.56484381349920476  0.57669895937250404  0.58839156469558895  0.59997770966048924
  0.61147693431496086  0.62296405773652563  0.63438315562650249  0.64567628552914091
  0.65672934033790897  0.66765602595080764  0.67842628252766302  0.68912444791090177
  0.69965853767633379  0.71007109403296353  0.72031485049182364  0.73042805541770650
  0.74039253411947226  0.75028111019572119  0.76005029622552100  0.76975468447783613
  0.77932939719473704  0.78879762006850018  0.79813765539859582  0.80737435361256427
  0.81650566196065444  0.82551331890684676  0.83441862661910859  0.84317699743202501
  0.85183155159112289  0.86037792570503568  0.86880604663624228  0.87713239654609487
  0.88529824204496887  0.89337799743639612  0.90139857366092746  0.90938802527529972
  0.91724752239305030  0.92498661342947086  0.93266336214801182  0.94028125016124064
  0.94783767769475458  0.95530999713004972  0.96266446560150809  0.96993254566388254
  0.97721208591621234  0.98423970599947941  0.98875704100975292  1.00000000000000000
 -0.00249136535404133  0.00973864594360081  0.02003911976075389  0.03060365139573356
  0.04112811711814830  0.05173281953033558  0.06232274882285233  0.07298356672274563
  0.08363328779259781  0.09422358156354096  0.10485942248427602  0.11545711375307416
  0.12616334971284851  0.13679826707713236  0.14743944911600027  0.15803539628239996
  0.16863922707004844  0.17921623944373735  0.18979978505618916  0.20027972925447096
  0.21081821133756318  0.22147234447282163  0.23220942814422255  0.24292906453135918
  0.25361054319575749  0.26428542979200115  0.27474719626713051  0.28510545241285096
  0.29547823903917098  0.30597707592670159  0.31642827944787094  0.32680649960292035
  0.33728871657052617  0.34785240814914836  0.35837027048314041  0.36868482235513167
  0.37904523429015302  0.38946434060508506  0.39996313247002119  0.41039380656537539
  0.42074598089696397  0.43109728168806516  0.44147224832578802  0.45200308495362695
  0.46257419014816803  0.47315226689847695  0.48373003118994373  0.49436265302434845
  0.50501659627673223  0.51563252045405028  0.52621128400126527  0.53675335708034155
  0.54728287379929852  0.55785971128541390  0.56841516088917843  0.57895495119288198
  0.58949737858640838  0.60007016359006837  0.61064446478936696  0.62117648671615655
  0.63164756987914028  0.64207848717454707  0.65246184139001284  0.66285311537558544
  0.67326384673419304  0.68373272492302029  0.69419870157278363  0.70473114869056808
  0.71533273795596175  0.72598633123622613  0.73651887257109105  0.74707654470714702
  0.75765702025395687  0.76830039214667134  0.77880362538505876  0.78923680395508444
  0.79968740347672385  0.81018131505590496  0.82081337091343187  0.83142398722491351
  0.84204824175560178  0.85268682843105637  0.86330799594265040  0.87406759962147462
  0.88482600342018514  0.89570284768404096  0.90634621790669978  0.91696306184981913
  0.92734797825176596  0.93778248375360163  0.94802581395813257  0.95825069680263386
  0.96858159986360748  0.97888604997069850  0.98947043782978217  1.00000000000000000
 -0.00125310497699287  0.00750335293125122  0.01596649700242506  0.02521647125640231
  0.03495875030887590  0.04507257612751803  0.05538572366700643  0.06575796751554761
  0.07609240640070045  0.08639528006995040  0.09667695544279027  0.10699464702362768
  0.11740195432987099  0.12790584765902555  0.13843061894527972  0.14884498011266611
  0.15909932767436449  0.16933436345141922  0.17961358950543668  0.19000796022386862
  0.20046146021538855  0.21092814419949180  0.22144876210346393  0.23198383976884504
  0.24257472019603674  0.25317122229080447  0.26372892605098980  0.27424484977824987
  0.28466639512518027  0.29508989008501268  0.30554139159032817  0.31615268701215349
  0.32683375024493161  0.33748536186926575  0.34807599205611334  0.35862590264376265
  0.36916243088198264  0.37967182185923792  0.39012437750299039  0.40051804858685425
  0.41093367748832738  0.42145798832976883  0.43203435921357453  0.44258820366420637
  0.45310961681970552  0.46362639363541047  0.47417090295868386  0.48477354034990100
  0.49538129235639944  0.50597021620705562  0.51654377703822785  0.52714338602000099
  0.53767383129947688  0.54818138931133964  0.55865589520826675  0.56908765839938935
  0.57947249627847008  0.58981960479168671  0.60020834592009542  0.61057852979035165
  0.62091512712798669  0.63130258115934168  0.64176249841182631  0.65236028975478333
  0.66310491559323137  0.67382422141043841  0.68447786652826248  0.69496016253312021
  0.70542274490280132  0.71591559862064214  0.72640932907871603  0.73691707553650354
  0.74743710382297446  0.75801783152634872  0.76871236819166366  0.77945492054242882
  0.79028096906884526  0.80110330624689730  0.81197434690173609  0.82275687665581543
  0.83337715931543654  0.84392117588631688  0.85448724886746241  0.86515936241907554
  0.87585046015414070  0.88659899314901103  0.89738270443640156  0.90817767867655530
  0.91893874816821941  0.92968288170901037  0.94051522069351967  0.95141285772443962
  0.96259316545702156  0.97414580298971809  0.98666773594806811  1.00000000000000000
  0.24732283664164809  0.25458874876824350  0.26541094841465040  0.27499075226143027
  0.28398071007730002  0.29269669896755407  0.30098502351663964  0.30901699120070253
  0.31664965750111157  0.32406456758879287  0.33139715550525373  0.33844960262620594
  0.34535665892116274  0.35217480354059094  0.35882483259620768  0.36532210018921862
  0.37173160422631474  0.37799075488509754  0.38414132215126656  0.39022369096639098
  0.39622805749781270  0.40210635637500602  0.40792715769981752  0.41370760431708187
  0.41941946053681467  0.42504940972578414  0.43062406990603236  0.43616076952175920
  0.44165832666837068  0.44713467784148703  0.45259355862346629  0.45798644566833058
  0.46331323861063628  0.46860779987931123  0.47392558638551385  0.47924295084110158
  0.48451584545783172  0.48971936198315846  0.49490503846781875  0.50005073185273174
  0.50514334216868417  0.51019332420677799  0.51521444039235376  0.52020701071280351
  0.52517422689493953  0.53012280818520219  0.53504787857437686  0.53993484370653710
  0.54479368009726781  0.54962612555590540  0.55443151611898245  0.55920754544195073
  0.56395058495693773  0.56866401437269498  0.57338097059024951  0.57810624875554095
  0.58280257873999664  0.58747218804500845  0.59213048384820988  0.59677941615143160
  0.60143867604621182  0.60605468609672697  0.61062851689569275  0.61519379866963642
  0.61974715048823337  0.62429982800061168  0.62885204294344066  0.63339443263012396
  0.63792295200195792  0.64242098864899599  0.64690425573392418  0.65141186503163129
  0.65591674894332319  0.66041513332013668  0.66490724881810803  0.66939187599311112
  0.67387916279694571  0.67834925050408568  0.68279918046069110  0.68724925937038794
  0.69170832985490105  0.69616058746157317  0.70060158884784285  0.70503501355769849
  0.70945367734481157  0.71388575309770619  0.71830298603487863  0.72270084341354723
  0.72709010411490083  0.73146555391224788  0.73584905932248013  0.74022947526904048
  0.74413991034349436  0.75478142272148119  0.78074129290469008  1.00000000000000000
   1.5834911408151676E-002  -1.0000000000000000     
 F F F F F F F F F F F F F F F F F F F F F F F F F F F F F F F F
  <DiscreteSampler_grid>
  grouped_processes
  1 # 1 for a reference and 2 for a running grid.
  10 # Attribute 'min_bin_probing_points' of the grid.
  1 # Attribute 'grid_mode' of the grid. 1=='default',2=='initialization'
  0.0000000000000000 # Attribute 'small_contrib_threshold' of the grid.
  0.5000000000000000 # Attribute 'damping_power' of the grid.
 # binID   n_entries weight   weight_sqr   abs_weight
    13   10   2.608297245902798E+008   7.773832343341320E+016   2.608297245902798E+008
    14   10   2.608297245902798E+008   7.773832343341322E+016   2.608297245902798E+008
    16   10   3.345608505533358E+008   1.297878198311573E+017   3.345608505533358E+008
    17   10   3.345608505533358E+008   1.297878198311573E+017   3.345608505533358E+008
  </DiscreteSampler_grid>
