  0.02442919976579807  0.02884104339866299  0.03625433515417418  0.04348571436030274
  0.04990665299285128  0.05557912860889963  0.06126257964123406  0.06689943862098646
  0.07256320112541728  0.07825704738776934  0.08400809156643413  0.08981941495214446
  0.09567504383152441  0.10159332089263615  0.10760686879558740  0.11367658135157348
  0.11975053724517344  0.12583542391298058  0.13208222762957386  0.13840673880460674
  0.14483910651978105  0.15137585536559017  0.15793456849179602  0.16453024815826958
  0.17124241173636701  0.17806426914314757  0.18498062669024604  0.19198227056139019
  0.19906293482320825  0.20624357704902127  0.21352244712628862  0.22089005096660927
  0.22838178872070233  0.23603964212659928  0.24384702273782893  0.25177621368147107
  0.25985106683213555  0.26796914587423859  0.27614368534005967  0.28443019355753352
  0.29288776962890800  0.30153600217487886  0.31031365432892727  0.31921255569738866
  0.32823539736403223  0.33747680205925829  0.34685601539276867  0.35638989612967481
  0.36599641235434921  0.37574846231963527  0.38561114499301125  0.39563308586724455
  0.40584578966772167  0.41626483778872037  0.42694359567700785  0.43785572593561578
  0.44903444124012121  0.46042562755243954  0.47204552868062333  0.48381719110392690
  0.49581607254339288  0.50796799859616493  0.52041743940663532  0.53319250866543999
  0.54629039294159054  0.55960059960983566  0.57311920497284330  0.58680780258825815
  0.60062540119561447  0.61465821427589185  0.62893907995681919  0.64348235809464904
  0.65842592256365062  0.67365732651078603  0.68902964387465371  0.70424004120878814
  0.71966317447523720  0.73520388616652776  0.75081710224897413  0.76643548954918761
  0.78201299475262198  0.79745514132984052  0.81284966506919665  0.82823486276372127
  0.84345167606165505  0.85851182062959175  0.87349942129234515  0.88826366783684751
  0.90278520620693659  0.91717929667249709  0.93131295662009717  0.94562427954576356
  0.95874682558046975  0.96362648258271688  0.96931753346647875  1.00000000000000000
 -0.00247771937252049  0.00944745883289381  0.01965373043795633  0.03006497764201584
  0.04049234394006408  0.05124188167309649  0.06204225993676463  0.07276895429467652
  0.08346111118670446  0.09425658121553658  0.10512520043073069  0.11596729420646754
  0.12665214903961747  0.13708922448524935  0.14744353924104070  0.15794803085840495
  0.16852915505182889  0.17917107904599083  0.18968329280279744  0.20013810328468951
  0.21059102539454333  0.22112572226877714  0.23182281109280842  0.24256177709358906
  0.25322668639364526  0.26377318509202896  0.27428133541800875  0.28478523146014695
  0.29529098668444437  0.30560865710831214  0.31591973991579775  0.32633460126138564
  0.33693057858956305  0.34763415146421317  0.35825827293067386  0.36873484252779376
  0.37910401210890748  0.38952286827432109  0.40006438346090656  0.41066255994913931
  0.42125870345516969  0.43190140880209332  0.44253468887119618  0.45303311675901592
  0.46352133496709336  0.47396841988216015  0.48444765335223761  0.49482309882312608
  0.50520713714211085  0.51552553425732606  0.52587988787877793  0.53631957800046881
  0.54693145608793059  0.55770415179127764  0.56849268336943803  0.57931699774613032
  0.59005857470681478  0.60074525914176846  0.61135353540925708  0.62182976542059087
  0.63235741267197432  0.64289381579830462  0.65357688728103258  0.66429411724424881
  0.67490106062952870  0.68533392325806231  0.69569623666855063  0.70612428280637263
  0.71669782068864207  0.72731435390466859  0.73793162938857293  0.74841553648109227
  0.75880581243882372  0.76931589926925825  0.77985998831771131  0.79039568852813513
  0.80057992395196442  0.81071402769991763  0.82110425268611820  0.83164140632018835
  0.84221149141974594  0.85278670604675766  0.86354793691619414  0.87432980412856798
  0.88492608748942725  0.89534254456842333  0.90585788806066414  0.91629773762760025
  0.92689421272573735  0.93748230161245016  0.94793630357948200  0.95843023802895122
  0.96881408144663006  0.97928733773918764  0.98958468379742615  1.00000000000000000
  0.00072445964477576  0.00842624213683638  0.01712358542322337  0.02645913914950987
  0.03607045018449937  0.04570781412372375  0.05550425389818892  0.06528808157579022
  0.07517871632505173  0.08517611638467273  0.09528259082694270  0.10540820783864031
  0.11554414277085677  0.12576138806740067  0.13617397979168500  0.14676189388784536
  0.15733572908604890  0.16783635931115698  0.17825159585677852  0.18868557334571287
  0.19914673116759363  0.20970102856193867  0.22029747369613831  0.23081107949004212
  0.24123262710786725  0.25168567311132839  0.26226300169944450  0.27290242983209134
  0.28349279276126627  0.29410908604817515  0.30470815035467713  0.31528972784732068
  0.32583470777859014  0.33638094308037009  0.34694462390716596  0.35744745603523864
  0.36788644417898664  0.37834144390690339  0.38890712506174530  0.39953740751739880
  0.41025713845137352  0.42090610180453908  0.43140185652984880  0.44174466345126034
  0.45209266571025480  0.46255336993767071  0.47295424302604289  0.48328679860759516
  0.49362841754403142  0.50408839964903740  0.51465704948838531  0.52530271146701080
  0.53600284462237002  0.54685022925391136  0.55772869950068749  0.56859967553389501
  0.57936892158126907  0.58999040516761270  0.60064535820231124  0.61120183194151856
  0.62180748508968564  0.63235967098565005  0.64291869751523578  0.65349867423344754
  0.66406079961037967  0.67466134513419218  0.68531954704389286  0.69608482205044786
  0.70674357971892954  0.71727719753378072  0.72780503542526842  0.73850956638735521
  0.74921220592221416  0.75986412848062135  0.77052201574042745  0.78124856428271905
  0.79186556691474685  0.80225906237375433  0.81255285693593027  0.82288956753956033
  0.83336578667774186  0.84382203035023351  0.85425644230157649  0.86470010244746598
  0.87514520669775298  0.88575857227678045  0.89643212881576473  0.90731553547862431
  0.91809240487824750  0.92876848530617384  0.93960491952303526  0.95060867728093001
  0.96207402649696183  0.97368519234029527  0.98650758421089113  1.00000000000000000
 -0.01758578163273156  0.10597636597700433  0.14635312829998404  0.17269455695925839
  0.19411538908197185  0.21280269010120301  0.22960022237218911  0.24503005492768132
  0.25906843241164013  0.27233718090198045  0.28482706073433955  0.29696436221217171
  0.30882259557865427  0.32036153243382559  0.33145331550752871  0.34215234402973366
  0.35256125512979897  0.36278089937154800  0.37284583061207321  0.38274756047978997
  0.39246137360732408  0.40195459528642791  0.41124696002638444  0.42034132753625053
  0.42927374525334294  0.43811136286448449  0.44686989230044338  0.45555809173218420
  0.46413479484153747  0.47262514340186390  0.48107800735697365  0.48945699660533548
  0.49770829242439513  0.50581216267204110  0.51382654899185642  0.52179098795964085
  0.52971235946653938  0.53759904451299656  0.54541290347938265  0.55320411808431436
  0.56092750308667139  0.56853758185888037  0.57604371498819262  0.58354349768529157
  0.59102739405857230  0.59844583950572305  0.60587742344009599  0.61316810588453263
  0.62048009198180576  0.62769195704553726  0.63482129681451849  0.64192622351181450
  0.64893803660291627  0.65588312391287995  0.66276677718223487  0.66956798817975138
  0.67625695078494641  0.68289045876308452  0.68948239775592224  0.69601574508891517
  0.70254411078814516  0.70896921233955379  0.71523140713453093  0.72146432141227235
  0.72768130124687402  0.73389333432974591  0.74009792722071199  0.74627412857496200
  0.75237759501936052  0.75839341878252042  0.76433802964095765  0.77026298844380758
  0.77619042068089206  0.78212784945010783  0.78809164838444012  0.79407289179975815
  0.80009308719356564  0.80614795665631156  0.81220859777100729  0.81833362501994056
  0.82446361493983000  0.83064800125048932  0.83693613420829482  0.84333389690650684
  0.84977323090148194  0.85645918861147818  0.86347000144274566  0.87073354459042729
  0.87846375806554977  0.88671586690991300  0.89557497134472286  0.90553329443090969
  0.91696709459622250  0.93143011645342044  0.95342372107286200  1.00000000000000000
   2.3971875957574017E-002  -1.0000000000000000     
 F F F F F F F F F F F F F F F F F F F F F F F F F F F F F F F F
  <DiscreteSampler_grid>
  grouped_processes
  1 # 1 for a reference and 2 for a running grid.
  10 # Attribute 'min_bin_probing_points' of the grid.
  1 # Attribute 'grid_mode' of the grid. 1=='default',2=='initialization'
  0.0000000000000000 # Attribute 'small_contrib_threshold' of the grid.
  0.5000000000000000 # Attribute 'damping_power' of the grid.
 # binID   n_entries weight   weight_sqr   abs_weight
    13   10   3.591978302083496E+008   2.403959312159068E+017   3.591978302083496E+008
    14   10   3.591978302083496E+008   2.403959312159068E+017   3.591978302083496E+008
    16   10   4.692194417588383E+008   4.396995124760555E+017   4.692194417588383E+008
    17   10   4.692194417588383E+008   4.396995124760555E+017   4.692194417588383E+008
  </DiscreteSampler_grid>
