  0.01104048755886793  0.01671727371656336  0.02483815926576443  0.03495082618729130
  0.04474747471869572  0.05465006153952773  0.06464598544710345  0.07479174274518594
  0.08503281920237954  0.09545558854011267  0.10601465696260175  0.11670247188492280
  0.12747371069821795  0.13832439425987172  0.14929532310113791  0.16040177887417145
  0.17159714351198316  0.18292348052885232  0.19443142156622945  0.20614909542998400
  0.21798004972059379  0.22991347250414801  0.24192558458474422  0.25399023082800698
  0.26614595343401576  0.27846260073878204  0.29096861286620229  0.30361590798285565
  0.31637593598893832  0.32919438694743092  0.34210322259733000  0.35505884716477126
  0.36802318648824234  0.38100798539462649  0.39397222151925709  0.40696897628511131
  0.41998834208904978  0.43298205207363649  0.44590687971571946  0.45877862124026186
  0.47160781119644696  0.48437716340962894  0.49700258427267963  0.50948386771578869
  0.52183287066912443  0.53411429552333456  0.54634493693602637  0.55857411731434026
  0.57076477063668207  0.58282981598720496  0.59476161167804265  0.60657771159791296
  0.61832237244128074  0.62996143644230351  0.64143996262650016  0.65261870295330404
  0.66365231942883518  0.67452301499489509  0.68530392531233686  0.69592312185966543
  0.70645472042349378  0.71685757314163534  0.72719027728740837  0.73735519564714336
  0.74741981491447385  0.75723315957564474  0.76694841179342454  0.77651894084237261
  0.78601546182424864  0.79542794399962413  0.80474439696838451  0.81394437692959276
  0.82301847320045152  0.83199392185090804  0.84085594464286384  0.84962796690928710
  0.85829173467567854  0.86686786705358265  0.87534898486674317  0.88371399692449404
  0.89201893105165053  0.90021177612958936  0.90830654261088373  0.91629225255637481
  0.92415396858690946  0.93193300884411601  0.93964281569450570  0.94729256482532620
  0.95489055287554014  0.96241336936908140  0.96988200356114396  0.97733679328740874
  0.98378535805363387  0.98634000115597942  0.98718457802195059  1.00000000000000000
 -0.00245278442633502  0.00927258713064312  0.01941503112194769  0.02983037219497414
  0.04042098165141859  0.05096799718911821  0.06149915208331997  0.07195959333084395
  0.08244799312785349  0.09301592853065382  0.10359813243870648  0.11414840529147079
  0.12462790065395057  0.13502820070110685  0.14534837408591819  0.15565212597758366
  0.16597072700303997  0.17633651333759981  0.18674741061214098  0.19729886929104451
  0.20784143566230673  0.21841001154344672  0.22897502635130243  0.23954620611149111
  0.25011226038130574  0.26067951754623159  0.27122705730179880  0.28171309671008826
  0.29222259925638866  0.30282780026916101  0.31347046702951414  0.32397954106505683
  0.33456223082671449  0.34520143541697856  0.35583070637018072  0.36637489605724438
  0.37694144275584379  0.38764549324228487  0.39825134093266978  0.40885142227607285
  0.41936855230174963  0.43005226207010527  0.44072667572546154  0.45142406062312374
  0.46202449207155272  0.47257608940982282  0.48309989432335931  0.49354921687399533
  0.50398846737396452  0.51444485552054708  0.52493651779359574  0.53542638812658616
  0.54590773914842672  0.55643032442911611  0.56690927775965771  0.57737878254984210
  0.58789300117211585  0.59846779585541809  0.60901307165978480  0.61954298023935583
  0.63003866212184345  0.64064881092607417  0.65124029375422554  0.66189966752869445
  0.67243025711898363  0.68290404296407525  0.69334531446227388  0.70384008148504928
  0.71438288536346750  0.72500356791065590  0.73568025880708832  0.74629251037354882
  0.75684878893791141  0.76747437494416237  0.77810117906057397  0.78869546983898597
  0.79914997647229080  0.80961814986437031  0.82010641456046740  0.83061413727100264
  0.84121263883506503  0.85184200132695231  0.86243051850798413  0.87297959945300663
  0.88351312273294691  0.89412528022064752  0.90466203392024802  0.91522337657358976
  0.92577502643086329  0.93626390490813893  0.94683417852003304  0.95743283922834010
  0.96809407513032619  0.97876938350745746  0.98937943533314954  1.00000000000000000
 -0.00141239049541635  0.00752936412475271  0.01598608984244248  0.02512382881515381
  0.03463834245618751  0.04442379082375866  0.05440537520036659  0.06449597880689546
  0.07466096470456807  0.08485504897212910  0.09509815766067073  0.10538344663199427
  0.11568517617532623  0.12599807717663475  0.13628992592426736  0.14661041576078801
  0.15701198852074363  0.16747991945448323  0.17795417202879915  0.18843233170929294
  0.19893489385136862  0.20949448972943552  0.22008614484671357  0.23061553891758343
  0.24112272783046965  0.25164120073204904  0.26224273024232791  0.27284228162965596
  0.28340827057533785  0.29394042638619527  0.30445986252223278  0.31492486719761725
  0.32535530240356064  0.33583753488684004  0.34637904401312097  0.35696452102114878
  0.36755074040434005  0.37814348224555672  0.38878917782558087  0.39928850762485923
  0.40971539286663999  0.42007135007412527  0.43048410750681065  0.44096388692764465
  0.45148552208634507  0.46209247157966032  0.47276347857743467  0.48333715573910663
  0.49376945782163367  0.50419033778149813  0.51464567052975085  0.52517053734911856
  0.53569167238434279  0.54627035545038649  0.55690808837491601  0.56752708048665013
  0.57816971793844529  0.58880660639803395  0.59939248168967474  0.60984987632565624
  0.62025578213638366  0.63061837913549190  0.64098712478111575  0.65142008139201002
  0.66201573820641102  0.67271064560288618  0.68342877086423248  0.69411164314248075
  0.70479393098349696  0.71544768159846983  0.72607299813343129  0.73668922662757408
  0.74731988714944930  0.75798062715750292  0.76863217425212604  0.77926709070067102
  0.78990647428745875  0.80061710850178802  0.81145361134608829  0.82234522831139234
  0.83324275134979675  0.84403925158203019  0.85481599054268320  0.86555998733428396
  0.87628310757634453  0.88693874535219142  0.89755842502316829  0.90821419718399055
  0.91890215039787537  0.92963495966969290  0.94050397201677149  0.95146536614905375
  0.96274640730884065  0.97426096116095207  0.98680341890439061  1.00000000000000000
  0.10846969810061721  0.19627268516235252  0.25980879589484790  0.26528467746813078
  0.27285086852396856  0.28205708588824052  0.29097530932511861  0.29947030178549972
  0.30772838134060532  0.31569718453252821  0.32333104867783252  0.33081873444753779
  0.33805509128248518  0.34505635967164433  0.35197350036646885  0.35873765818395364
  0.36534185940186631  0.37186605359224778  0.37825151085037167  0.38451998434121154
  0.39074280168795833  0.39687941297839752  0.40289955780803793  0.40888134354907313
  0.41481668614514788  0.42062392032750096  0.42631327180781786  0.43196586430163258
  0.43758362966195846  0.44314919319279167  0.44866807088415761  0.45413569835510587
  0.45956789760883454  0.46495045948980868  0.47031588992599177  0.47572242357140709
  0.48104615631578956  0.48631095009286335  0.49149600028877927  0.49665958734575455
  0.50178708563801844  0.50688772599504961  0.51198046806929587  0.51705660842620571
  0.52211294105955475  0.52712870582430993  0.53214173290574829  0.53713489974681239
  0.54210021624542826  0.54702622252511324  0.55193443745320492  0.55680515756389193
  0.56167187310706590  0.56651886209381153  0.57135958720149149  0.57619356911774244
  0.58100518680880653  0.58578823436741867  0.59054127012311397  0.59529249353680691
  0.60004639595043097  0.60478040884274231  0.60950066872096942  0.61423092576849914
  0.61894753997465735  0.62364985577994703  0.62832326329279686  0.63297905194993864
  0.63763592489663912  0.64227918904668579  0.64690080898795455  0.65151470724099358
  0.65610624199088619  0.66069574183235924  0.66527479644746601  0.66983699141047748
  0.67438845016063009  0.67891678488260976  0.68342887093446048  0.68793160357020766
  0.69244969314837734  0.69697932502891757  0.70150556838585787  0.70602584889095721
  0.71053232005844535  0.71502131577921735  0.71949704560519756  0.72396745186299483
  0.72844807477325324  0.73296269548238491  0.73748791787397661  0.74201639972044808
  0.74661491565555449  0.75114665681878279  0.76009002048868102  1.00000000000000000
   4.8064605271393637E-003  -1.0000000000000000     
 F F F F F F F F F F F F F F F F F F F F F F F F F F F F F F F F
  <DiscreteSampler_grid>
  grouped_processes
  1 # 1 for a reference and 2 for a running grid.
  10 # Attribute 'min_bin_probing_points' of the grid.
  1 # Attribute 'grid_mode' of the grid. 1=='default',2=='initialization'
  0.0000000000000000 # Attribute 'small_contrib_threshold' of the grid.
  0.5000000000000000 # Attribute 'damping_power' of the grid.
 # binID   n_entries weight   weight_sqr   abs_weight
    13   10   2.159923532997261E+008   6.187311750841728E+016   2.159923532997261E+008
    14   10   2.159923532997261E+008   6.187311750841728E+016   2.159923532997261E+008
    16   10   2.777333827833637E+008   1.044779950184357E+017   2.777333827833637E+008
    17   10   2.777333827833637E+008   1.044779950184357E+017   2.777333827833637E+008
  </DiscreteSampler_grid>
