  0.01144033305311067  0.01599893296380995  0.02413881267557063  0.03392947762027032
  0.04358713936365533  0.05331140472453819  0.06313684770846908  0.07306109806533601
  0.08309139412139427  0.09326726243658899  0.10356687175303408  0.11402409548406735
  0.12462051352891836  0.13538016857853699  0.14626370144506962  0.15721860968923421
  0.16830186059940336  0.17959726668223833  0.19105084791455276  0.20260543275500997
  0.21429618790855989  0.22615559834974350  0.23810975324130229  0.25017889840273150
  0.26237843789419651  0.27466204110145132  0.28697989768360094  0.29940473209090973
  0.31195560640284958  0.32457536701366974  0.33722210600968516  0.34992404966149659
  0.36267126568846597  0.37543476511058876  0.38818655416495790  0.40094597709627966
  0.41378223689234611  0.42655357971871383  0.43926025245356221  0.45189280124337233
  0.46453122200004798  0.47717537118125103  0.48979999987322620  0.50240124259798991
  0.51492835091371914  0.52724414556718979  0.53941744246531154  0.55152927297168575
  0.56357658185279225  0.57550213480040147  0.58733655298315612  0.59908206996128743
  0.61072322555288683  0.62221344768699116  0.63354040546553780  0.64471984756245071
  0.65574658259161722  0.66666828274265333  0.67747218452501212  0.68819702179908604
  0.69876150171036888  0.70923497868019791  0.71951288346779596  0.72970596923947517
  0.73976062352281202  0.74973808692890886  0.75952803851059592  0.76920776119735945
  0.77877811839864053  0.78825724872784897  0.79756799137604251  0.80675778802225540
  0.81581842981986319  0.82478050899958422  0.83359824687362050  0.84227700461014154
  0.85085939683348899  0.85933721815003672  0.86771072952201844  0.87601328320129457
  0.88420328720773178  0.89235826350112135  0.90043043658568678  0.90842532640436202
  0.91633225975819255  0.92414260771006829  0.93189462256754119  0.93960412721805620
  0.94724532667073968  0.95479374237234216  0.96222642385144719  0.96956041078725164
  0.97688212589027867  0.98396999948996255  0.98898024553107899  1.00000000000000000
 -0.00243344116083246  0.00953352145418241  0.01966623443638997  0.03000244265183009
  0.04041320358210652  0.05084010069654073  0.06131760547076957  0.07180390103890193
  0.08221572775064259  0.09279940135217671  0.10325709485677646  0.11388175088343387
  0.12443604378775437  0.13509126844702526  0.14564400853400364  0.15621385364392784
  0.16673935040576629  0.17727620227041513  0.18782391891204661  0.19842952789855231
  0.20904975978993148  0.21962133450205301  0.23018590078397169  0.24073104767388484
  0.25132471683572793  0.26196937769925777  0.27265127530863364  0.28332445264950040
  0.29395460042016885  0.30446824645831744  0.31496039643880558  0.32548624602350407
  0.33597917935133481  0.34646671826074177  0.35689167829337254  0.36736155149119465
  0.37776746658240085  0.38825216230650794  0.39879930591374663  0.40937433489900638
  0.41992205325139914  0.43047178433394168  0.44103298018153692  0.45156238442422336
  0.46212634160006366  0.47270857575057335  0.48330993747667300  0.49384288427941098
  0.50434370345207302  0.51479502861193260  0.52530992446122615  0.53580643978971421
  0.54642168175848160  0.55694579922065035  0.56753879655703576  0.57807140777875121
  0.58868908428958766  0.59925207800855473  0.60977973935932439  0.62029590908710497
  0.63090917642691446  0.64148368140139422  0.65207249538075118  0.66261531329414713
  0.67325246725068388  0.68385887708532134  0.69455252571585224  0.70521673746171887
  0.71593327039853261  0.72662498286983945  0.73716503486775209  0.74765766169679626
  0.75805655024334040  0.76853069836236432  0.77902648455934387  0.78962597009522784
  0.80023989903330350  0.81083183838115336  0.82130943672160506  0.83178495712023226
  0.84224763431907756  0.85272424747575937  0.86338277173264399  0.87401685277095542
  0.88463515310211527  0.89522384523116483  0.90573766330009520  0.91634267713901973
  0.92688210008571725  0.93740666381585624  0.94772952000428423  0.95810256650799464
  0.96863379044626119  0.97916904361428669  0.98959477121838202  1.00000000000000000
 -0.00105005112505140  0.00781343818407838  0.01644316127716477  0.02569838108887922
  0.03530594672639927  0.04518582451262702  0.05523901592583403  0.06536870239991144
  0.07554882380089546  0.08587192991499570  0.09626632009876297  0.10667306196808778
  0.11706039377307487  0.12742770670971174  0.13784014837532788  0.14831387202611540
  0.15878476085772794  0.16921447788161281  0.17954512397388286  0.18993223571953979
  0.20035086188605633  0.21082020243965868  0.22134031971066162  0.23186206695947670
  0.24237707164761474  0.25285245417903068  0.26331381440053903  0.27380019076466094
  0.28429644057493370  0.29484008642102433  0.30535968370781241  0.31580113167857943
  0.32621311468866954  0.33663677671838810  0.34713748215946311  0.35759490175478714
  0.36803232984754936  0.37841902917512793  0.38880029054595822  0.39922204428754793
  0.40968632545766598  0.42015826470708645  0.43064312659092280  0.44117839544651943
  0.45176718558024237  0.46231254855938730  0.47286475839701986  0.48350394230498156
  0.49421285012048888  0.50488634163895540  0.51548447721645185  0.52598540584091757
  0.53645456383240642  0.54690192582871278  0.55740062614835539  0.56789917680114455
  0.57836220962733820  0.58886379756050511  0.59940721773720351  0.61002976188605462
  0.62069539953408204  0.63135149947092095  0.64200060063308428  0.65262745085623386
  0.66333521629260495  0.67408919829201253  0.68481978367435725  0.69547066177658823
  0.70603997634698112  0.71660431003723679  0.72716095065085673  0.73779158640276410
  0.74839028687315989  0.75900717306311971  0.76959185404868757  0.78022534669048815
  0.79084298907032136  0.80144630328751432  0.81212006626519750  0.82286107430696964
  0.83359199459931965  0.84424541960177046  0.85492976757740846  0.86562322262975999
  0.87628011619534674  0.88687892605203267  0.89746966786190374  0.90811483039322072
  0.91892370114508293  0.92991284039172073  0.94095266854165149  0.95199942664877368
  0.96332451958551846  0.97489218158372515  0.98718766315382978  1.00000000000000000
  0.25290205650389697  0.26088290096762290  0.27049043087269814  0.27957011560181022
  0.28839558160172002  0.29683235304297079  0.30494590052919501  0.31282213397150432
  0.32035245195487394  0.32771322684320847  0.33491773290842114  0.34182634327318479
  0.34862621108108971  0.35528079040428551  0.36180021726992878  0.36825014948336116
  0.37462358970702769  0.38080622265489927  0.38690651628376910  0.39294539511307602
  0.39887163839904022  0.40469975418673809  0.41048950392275446  0.41625847695819718
  0.42189139441467355  0.42747407424245021  0.43301207443248557  0.43849134783080201
  0.44384917561051779  0.44917308222231628  0.45449751342352318  0.45981071841242260
  0.46507927219321338  0.47033191931816332  0.47556973530228580  0.48078160530083264
  0.48594336407918098  0.49108961118805977  0.49621024437751377  0.50130970301588607
  0.50638292404750096  0.51143736768189030  0.51648033617759115  0.52148548777367132
  0.52642605194593095  0.53132974101155461  0.53621715490936361  0.54108163243917884
  0.54591256637494556  0.55070742311285747  0.55548054017787807  0.56023484073585861
  0.56497621158465183  0.56970682749328450  0.57444487409425993  0.57917036974318847
  0.58385285120521824  0.58849496344198882  0.59311189724691538  0.59774139305988860
  0.60235931815971933  0.60694941608244657  0.61150588408877438  0.61607838862778708
  0.62064098113398813  0.62519987021139312  0.62973742954200884  0.63426938216798157
  0.63878223154881353  0.64328527473722064  0.64776766139639808  0.65224313480176999
  0.65671690914165559  0.66120136485830350  0.66568882973728538  0.67017129445092960
  0.67464466064851503  0.67911164004397451  0.68356821143108004  0.68801922363798340
  0.69247203860750173  0.69692783687053284  0.70138281058405483  0.70582676139948275
  0.71027047319899683  0.71471116820338587  0.71914917970633940  0.72357962506545070
  0.72799126236352052  0.73239169016091621  0.73677210430764783  0.74113405776536612
  0.74565370000294218  0.74988384182462542  0.75099450958170133  1.00000000000000000
   4.7543985798331641E-003  -1.0000000000000000     
 F F F F F F F F F F F F F F F F F F F F F F F F F F F F F F F F
  <DiscreteSampler_grid>
  grouped_processes
  1 # 1 for a reference and 2 for a running grid.
  10 # Attribute 'min_bin_probing_points' of the grid.
  1 # Attribute 'grid_mode' of the grid. 1=='default',2=='initialization'
  0.0000000000000000 # Attribute 'small_contrib_threshold' of the grid.
  0.5000000000000000 # Attribute 'damping_power' of the grid.
 # binID   n_entries weight   weight_sqr   abs_weight
    13   10   1.427856206473305E+008   3.478823138919668E+016   1.427856206473305E+008
    14   10   1.427856206473305E+008   3.478823138919667E+016   1.427856206473305E+008
    16   10   1.852751973423188E+008   5.953713846134021E+016   1.852751973423188E+008
    17   10   1.852751973423188E+008   5.953713846134018E+016   1.852751973423188E+008
  </DiscreteSampler_grid>
