  0.00000237297046599  0.00000238725032954  0.00000240380643589  0.00000242213829185
  0.00000244113096819  0.00000246345223948  0.00000248626246900  0.00000251081000720
  0.00000253822539214  0.00000256820316852  0.00000260160499738  0.00000263636537035
  0.00000267163196861  0.00000270705696124  0.00000274519973596  0.00000278622119833
  0.00000283042537357  0.00000287750456150  0.00000292548353695  0.00000297594353118
  0.00000302614019682  0.00000307674026394  0.00000312814220639  0.00000318091493792
  0.00000324725642206  0.00000331633204288  0.00000338731146950  0.00000346059773905
  0.00000353615750666  0.00000361308366884  0.00000369429643319  0.00000379016140439
  0.00000389082714521  0.00000399549945968  0.00000410383938510  0.00000421542987961
  0.00000433280879381  0.00000446991586059  0.00000461247870959  0.00000475920796637
  0.00000491034305116  0.00000507358785028  0.00000526466659753  0.00000545707590821
  0.00000565240707699  0.00000586144531397  0.00000609256638668  0.00000633655049954
  0.00000658808520240  0.00000685754044329  0.00000715532901218  0.00000745740605569
  0.00000776534873872  0.00000810738422710  0.00000849975745112  0.00000890419123265
  0.00000934561952271  0.00000984220989695  0.00001034976066405  0.00001092480288382
  0.00001155659771176  0.00001223811178848  0.00001297405706495  0.00001377371430687
  0.00001464616832359  0.00001562900640470  0.00001663478034899  0.00001777182633203
  0.00001901075196624  0.00002045028066835  0.00002202773543601  0.00002377377926649
  0.00002569037802988  0.00002788814837847  0.00003035800935330  0.00003332613502879
  0.00003665873402700  0.00004064294860627  0.00004534242731760  0.00005101980469685
  0.00005774186343796  0.00006569073004631  0.00007506264161440  0.00008672637717228
  0.00010113576400793  0.00011889973716167  0.00014046129727822  0.00016986627871465
  0.00020742370624714  0.00025696120756925  0.00033685366962256  0.00044886711849227
  0.00072384065738284  0.00148787715117414  0.05797758780098645  1.00000000000000000
 -0.00236904377615570  0.00982069421592541  0.02045179260914243  0.03109067848689825
  0.04157133352407397  0.05173482210120867  0.06204153525223351  0.07275208482955307
  0.08364336404584997  0.09412418534590855  0.10444872110466130  0.11470914452692844
  0.12539163158097111  0.13610701115346330  0.14686104453547819  0.15781165042152076
  0.16903885439590835  0.17986838420779791  0.19002661736543822  0.19986381182040494
  0.20957699650904016  0.21956576260021077  0.22970199270206143  0.23966872607599810
  0.24942310590608541  0.25930374126397404  0.26960055585691711  0.28033929106485805
  0.29102796393483066  0.30160833726760916  0.31195319910739261  0.32202635269110796
  0.33223263850859663  0.34281833302926068  0.35333563138475110  0.36337383174267268
  0.37324309187734944  0.38377133456992518  0.39473827233235365  0.40588020108408690
  0.41697860963345723  0.42825934490383871  0.43941376906394392  0.45052982184798529
  0.46159751324224430  0.47277377749872690  0.48397363232776724  0.49503407727237592
  0.50587523592292272  0.51656573846583631  0.52742120163364781  0.53834300776971333
  0.54902640125371560  0.55949170532883341  0.56966113525560280  0.58033481460388869
  0.59074484841477981  0.60135749600459765  0.61146782983888881  0.62205252650284804
  0.63253620394974519  0.64337317539711569  0.65439515155511885  0.66615655797194173
  0.67716198916391290  0.68839359221787455  0.69935248228811453  0.71057044341126285
  0.72103999122555174  0.73083732432748860  0.74090618472427139  0.75104149771227435
  0.76159122563635651  0.77160194166635521  0.78146811608472433  0.79141510862451736
  0.80137402739496022  0.81133763181488938  0.82142422006619320  0.83150832240429973
  0.84216546874658960  0.85305131283535263  0.86339117183417158  0.87325289975539833
  0.88335306507280309  0.89421681233488493  0.90523799870231991  0.91572784176221622
  0.92654047712223797  0.93757172510631359  0.94847483132585564  0.95905053734400469
  0.96936411264844602  0.97970981585866790  0.98981429836007817  1.00000000000000000
 -0.00372372207665477  0.01884607395014600  0.03795771910046251  0.05675474263858257
  0.07525543585175366  0.09421607179395258  0.11286895711070487  0.13133090130788677
  0.14963947372747577  0.16789365173898987  0.18604942861396961  0.20377487281738782
  0.22107149276331217  0.23814824060825562  0.25480230221535866  0.27143472640355354
  0.28781286028701197  0.30368817804815396  0.31902680351021667  0.33397801692177642
  0.34864567610126634  0.36339995259408736  0.37813606180384424  0.39276006819602405
  0.40741382620790484  0.42157359470532713  0.43529034318880871  0.44900725815323644
  0.46292399005801105  0.47682365519085024  0.49019116465599810  0.50316746836186099
  0.51608574675982388  0.52882283345505010  0.54156042247056102  0.55435610383803779
  0.56705916661746059  0.57930385717405708  0.59139290140423928  0.60321938832353927
  0.61508636055116628  0.62685543200314187  0.63838498818301825  0.64963315547788492
  0.66069449730439600  0.67150661083698804  0.68203173633374370  0.69233372148327643
  0.70248877672547105  0.71268197909194975  0.72282402645847110  0.73256410386545723
  0.74189554463728979  0.75120727260068654  0.76057602899938381  0.76968271658059639
  0.77848148693947827  0.78720068750455108  0.79599379146075822  0.80475177932619069
  0.81316951947783156  0.82122851358371218  0.82919527499045564  0.83703821771884102
  0.84466234318435340  0.85210335914059232  0.85930314319455536  0.86621743486710401
  0.87295111997582531  0.87943849612155400  0.88580267780945166  0.89205909899101321
  0.89811156081169030  0.90399491066385296  0.90989534451078402  0.91567969550295381
  0.92137016014540718  0.92695497526647841  0.93240379128826323  0.93767749834011527
  0.94277497631122698  0.94771052785705534  0.95247972891041055  0.95704909774337843
  0.96165264710660625  0.96602717282376060  0.97026358088249354  0.97440520645566053
  0.97842567850176854  0.98213784659276593  0.98557229766741572  0.98879739147826951
  0.99184095600504651  0.99459858665165390  0.99731740006748271  1.00000000000000000
 -0.02332634500175327  0.12708134433029505  0.16904354336031541  0.19815788842164059
  0.22243539829957532  0.24342268827496114  0.26211763371522356  0.27903888202689675
  0.29514014146219630  0.31073638021934602  0.32525261571781339  0.33882075608837808
  0.35167450587796828  0.36392842676734410  0.37582336788386250  0.38759067108438300
  0.39918015732689877  0.41024927779989512  0.42084921789107710  0.43132110192638612
  0.44151397116766206  0.45134417234277763  0.46095190333978436  0.47044501837451719
  0.47997220265065305  0.48937781115622392  0.49841059337282440  0.50680108227959830
  0.51489863824651072  0.52307121272182233  0.53158048149482784  0.54025203672001421
  0.54846137537554851  0.55630422619250874  0.56394882244666744  0.57135399595764680
  0.57870149598032239  0.58606815242196275  0.59360359613967129  0.60123048723343264
  0.60845823042549585  0.61531488537216417  0.62213895597050828  0.62897642852639923
  0.63564103722327014  0.64234820409044524  0.64877978488524479  0.65500763447954946
  0.66122707486321564  0.66756281876835355  0.67414688024316183  0.68078736149973806
  0.68724171304037962  0.69365066300550215  0.70001775390520682  0.70639277885353302
  0.71264144296713094  0.71862268238933147  0.72432904357521433  0.72966083703922235
  0.73472941735473896  0.73978227014414832  0.74494562072334969  0.75019606644601833
  0.75522032515240112  0.76020087448512585  0.76522108320781479  0.77027939512227017
  0.77523505535086068  0.78035226702590754  0.78533201440838962  0.79033595419477487
  0.79531528974197963  0.80025158279296804  0.80515396954843166  0.81004779679978844
  0.81499550859774206  0.81998793832496908  0.82497207371916148  0.82990105031701122
  0.83494678745637607  0.84012632644807017  0.84540137607595955  0.85073775455817779
  0.85619233136659856  0.86187316563178551  0.86774300683741123  0.87387523270180512
  0.88044380819079870  0.88741432727264702  0.89505604715373599  0.90422025315656218
  0.91478471721964594  0.92827698373643341  0.94977727385368027  1.00000000000000000
   11.233699024611131       -1.0000000000000000     
 F F F F F F F F F F F F F F F F F F F F F F F F F F F F F F F F
  <DiscreteSampler_grid>
  grouped_processes
  1 # 1 for a reference and 2 for a running grid.
  10 # Attribute 'min_bin_probing_points' of the grid.
  1 # Attribute 'grid_mode' of the grid. 1=='default',2=='initialization'
  0.0000000000000000 # Attribute 'small_contrib_threshold' of the grid.
  0.5000000000000000 # Attribute 'damping_power' of the grid.
 # binID   n_entries weight   weight_sqr   abs_weight
    13   10   2.151762411992289E+010   1.370656212259311E+021   2.151762411992289E+010
    14   10   2.151762411992289E+010   1.370656212259311E+021   2.151762411992289E+010
  </DiscreteSampler_grid>
