 -0.00601524355304483  0.06673929131261672  0.10369850985004862  0.13054420072857020
  0.15237441621038306  0.17137994477494606  0.18794715757195202  0.20265259626166174
  0.21587632690283265  0.22807571815489408  0.23978674050986412  0.25074108948653695
  0.26079785711819825  0.27019292068270812  0.27914858193754699  0.28775817458079606
  0.29610526114145597  0.30402407461940018  0.31172343981811185  0.31921999321677574
  0.32650344289949917  0.33358586977047328  0.34040255359422716  0.34709330227394747
  0.35345117876875881  0.35963856115269005  0.36574451626036780  0.37178909235203861
  0.37772423450650960  0.38353065313650364  0.38920469948340125  0.39475169764476847
  0.40022005401278393  0.40564788847248945  0.41107883661288125  0.41660394500048253
  0.42201493502203868  0.42740735689820314  0.43272446574944723  0.43802259247024422
  0.44330945611061134  0.44855336314423455  0.45373564428865254  0.45884607417080575
  0.46387233172069847  0.46898093137500502  0.47408631276920560  0.47921186160031132
  0.48453392910507104  0.48868843384284077  0.49240916974893756  0.49631563165908410
  0.50023071066924507  0.50424529226715364  0.50817889408600692  0.51292313462347738
  0.51822571028239917  0.52364299803284675  0.52904596860176745  0.53445860871427497
  0.53989104189355630  0.54531549617317521  0.55077508262657404  0.55623772428665497
  0.56169782218301567  0.56716533362724053  0.57267010189385104  0.57823747769848532
  0.58380827895188214  0.58957545058246963  0.59564358200271061  0.60217823413867222
  0.60887817795291166  0.61563985820052036  0.62250867423223943  0.62956463310016497
  0.63673291293057299  0.64408613171765261  0.65163830751045304  0.65945178883458988
  0.66755220395150905  0.67594774642925448  0.68458411059281576  0.69325713215535278
  0.70255132554499222  0.71387677339853783  0.72637419322159202  0.73979549766774511
  0.75399774979977863  0.76961393529171174  0.78677691138986439  0.80596646405669747
  0.82710940265585309  0.85812505839870568  0.90779007431822845  1.00000000000000000
 -0.00214153918053873  0.00970389221616164  0.01970781746647546  0.03044941761740688
  0.04124988782081281  0.05219765919288797  0.06337583181044978  0.07449530047550305
  0.08543526371584796  0.09611011455796042  0.10694645398892881  0.11804268917168242
  0.12898297764332817  0.13962190755494946  0.15010584555931050  0.16018930608373763
  0.17005014166919180  0.17958129792191824  0.18941006545278791  0.19957930825578565
  0.20954054938031350  0.21942540593172935  0.22945443432247359  0.23992849107928990
  0.25066393580019747  0.26134738405083202  0.27184029311219143  0.28220236141814764
  0.29224434186805709  0.30210073561270750  0.31201402731166683  0.32230744419160406
  0.33263926714621378  0.34295059492101548  0.35317171389626617  0.36348439605906652
  0.37252510473626904  0.38084549494831060  0.38958638916477928  0.39811447456783577
  0.40832957160879929  0.41949697367299765  0.43004254672838860  0.44023465206335943
  0.45027055392274312  0.46026558466415185  0.47017569545078819  0.48007565102583194
  0.49035099957164285  0.50099959291691953  0.51229417487922224  0.52415914118304530
  0.53629373887423260  0.54800630113390492  0.55908535856333719  0.56959854477424765
  0.57961786905042667  0.58975246719499907  0.59981494085919140  0.60988297034722860
  0.62013771423200470  0.63098365451785543  0.64242813108768970  0.65378278512910848
  0.66487412761652886  0.67597277600136418  0.68711706701179431  0.69844908405638229
  0.71014966350030351  0.72200872109978520  0.73355700139683799  0.74463658862747650
  0.75519414290432352  0.76501342019774921  0.77492234162528439  0.78483953851912158
  0.79497378611899527  0.80542195993221355  0.81605245678797944  0.82689718441786808
  0.83773903273415162  0.84812948762169649  0.85833789915986469  0.86831973352504010
  0.87856745279023218  0.88911135885328341  0.89974818872145701  0.91059285283942282
  0.92140378455739080  0.93279434694726238  0.94428102595615282  0.95578062702918243
  0.96675624281873496  0.97760787212989519  0.98881787506315666  1.00000000000000000
  0.00098704091164799  0.00371922161133032  0.00615669742410506  0.00853158158725308
  0.01087113397318961  0.01315098233483770  0.01406055128668931  0.01498678307382013
  0.01585418486384384  0.01982965981144591  0.02519135278221293  0.03258391178494630
  0.03947036385455262  0.04627388961705479  0.05290738017175989  0.05957697568881151
  0.06640310781141288  0.07338921596219082  0.08040092086169752  0.08726361067501939
  0.09392408236135394  0.10049681104049768  0.10706487671532985  0.11373686937704652
  0.12050495188666495  0.12718624722689800  0.13383752890194264  0.14054261467482509
  0.14752280141157956  0.15474356934204153  0.16199386514207978  0.16935152316663568
  0.17688297841675929  0.18435124788459084  0.19178037100927389  0.19926933193181084
  0.20686149794000577  0.21458903507839461  0.22237509709664310  0.23002007691397464
  0.23742767921170993  0.24481311418759819  0.25236866559236021  0.26004616657825730
  0.26774488876678171  0.27556471497111690  0.28368486742316779  0.29185543737997993
  0.30046924081488718  0.30915114609430905  0.31799091870232388  0.32700407126187525
  0.33609861016338904  0.34542935619924037  0.35486433116530847  0.36438016345622781
  0.37394813123287701  0.38360405297036942  0.39350187098840589  0.40354792462035732
  0.41383991536782244  0.42435250272863478  0.43499414414731996  0.44555960616201251
  0.45613507363652117  0.46687497359774577  0.47781864644103383  0.48870575022521545
  0.49956960110944781  0.51067551810932643  0.52194723820380318  0.53323448502465109
  0.54467698917216478  0.55639387125200557  0.56858516012105609  0.58108080086129799
  0.59409971352008095  0.60743324954901712  0.62060417971350601  0.63425961900138728
  0.64790675648733786  0.66194458146536850  0.67706393998220127  0.69284577203478481
  0.70902181514032592  0.72590072998544997  0.74331430555516265  0.76181944993221118
  0.78149537484330434  0.80210543742359353  0.82465043299767327  0.84854278537958139
  0.87354755613947654  0.90207714138436068  0.93995134863770891  1.00000000000000000
  0.00018843040150728  0.08270045022938309  0.11538634698961639  0.13806721913141495
  0.15674979708966191  0.17294060423198268  0.18720507504832098  0.20039797387663463
  0.21268004130842449  0.22415630074184190  0.23515362453634606  0.24588982883243785
  0.25615411290360401  0.26574391143102366  0.27489146942383069  0.28377869804371458
  0.29259674832451915  0.30135230334463503  0.31000229802697066  0.31827350134687571
  0.32622226637365698  0.33398685129695349  0.34139791643934936  0.34896637948432946
  0.35599595721640198  0.36273884619390345  0.36933724871098356  0.37594569118013771
  0.38253559828510503  0.38911047094480983  0.39568046553541342  0.40221721585462283
  0.40872659983211918  0.41519463956379038  0.42181498250881583  0.42861847986707452
  0.43536674873029652  0.44221934412107022  0.44910213359685780  0.45588684867059354
  0.46252821507342551  0.46911019376580027  0.47566922747492807  0.48210470156097035
  0.48839612924506248  0.49462438018945848  0.50085630030090533  0.50711589991778749
  0.51336154830513780  0.51948988339009894  0.52547220532992733  0.53135204384149015
  0.53730152909612228  0.54341855952397944  0.54971590047488050  0.55612802052441435
  0.56257912032726931  0.56902745656813758  0.57547090854155314  0.58192238975733124
  0.58822238655076831  0.59435520225749205  0.60048565871730486  0.60685342984518709
  0.61347762460359945  0.62028514095896525  0.62725831941695998  0.63437619054973493
  0.64153760459553066  0.64879500168950055  0.65622448479471063  0.66370669621785727
  0.67121709615857650  0.67891567508824391  0.68688170023103856  0.69386730026314691
  0.69883145525642920  0.70403759788420694  0.70932383090077011  0.71463896955681150
  0.72124312522610745  0.73023448619525066  0.73945428632893118  0.74913108552094354
  0.75931518946471932  0.77002584109022199  0.78117558032107148  0.79272262275492622
  0.80493878671971597  0.81786415026689208  0.83175215667855373  0.84753371796950294
  0.86564588047432511  0.88759115815865464  0.91929418348203396  1.00000000000000000
   2.4192788290748184       -1.0000000000000000     
 F F F F F F F F F F F F F F F F F F F F F F F F F F F F F F F F
  <DiscreteSampler_grid>
  grouped_processes
  1 # 1 for a reference and 2 for a running grid.
  10 # Attribute 'min_bin_probing_points' of the grid.
  1 # Attribute 'grid_mode' of the grid. 1=='default',2=='initialization'
  0.0000000000000000 # Attribute 'small_contrib_threshold' of the grid.
  0.5000000000000000 # Attribute 'damping_power' of the grid.
 # binID   n_entries weight   weight_sqr   abs_weight
    10   10   2.140535475246012E+006   1.110496230817168E+013   2.140535475246012E+006
  </DiscreteSampler_grid>
