  0.01183872636536960  0.01620384127845435  0.02439518247807972  0.03418979285066851
  0.04379923069419833  0.05352604655863777  0.06335811910356856  0.07333996761697323
  0.08342138139431729  0.09366214850451297  0.10402441098981535  0.11452228269187080
  0.12514839361114782  0.13594533431276395  0.14691684380172260  0.15803100253536312
  0.16919421632666345  0.18035952189049112  0.19162388771670019  0.20310946909768310
  0.21475267443616575  0.22655987194329830  0.23848207341226763  0.25053672132173632
  0.26267429159233574  0.27492773825017514  0.28725658178859881  0.29962280913227984
  0.31203339282021936  0.32452822893951661  0.33716573545475731  0.34994558370901446
  0.36274813653767918  0.37553713948291023  0.38832924819555104  0.40113646008809339
  0.41396364475913017  0.42686384326009125  0.43986775709097303  0.45248497162437240
  0.46429795685601899  0.47603510542418326  0.48798567908945689  0.50105280080739290
  0.51382167932907841  0.52642562738758447  0.53886526407145552  0.55108854922488937
  0.56310759774532337  0.57499229814657993  0.58677977462683439  0.59846781965228257
  0.61006283963492147  0.62153333175061176  0.63289696073762214  0.64415890718352331
  0.65532082322534013  0.66636204500171792  0.67723301502663302  0.68794623404572230
  0.69850871699340245  0.70897195641360944  0.71932596992501929  0.72957202686803913
  0.73967472160870873  0.74964502732748484  0.75944896950169660  0.76912496234483052
  0.77861878510075289  0.78798811179227868  0.79724518893904395  0.80642989911884522
  0.81551775538596349  0.82448275588163589  0.83333471568683082  0.84206217182367216
  0.85068948872046068  0.85919374475869525  0.86755645219633193  0.87584771807167849
  0.88405815338154836  0.89225126519413067  0.90039580304885536  0.90846427500573401
  0.91642344629357531  0.92426787468533478  0.93203829059477594  0.93973364275325744
  0.94734149534201262  0.95487043321334508  0.96230043452952463  0.96965169244332849
  0.97697765802522718  0.98403243204881174  0.98924384195424486  1.00000000000000000
 -0.00252754823721403  0.00986245859442350  0.02020533793805823  0.03076108996974221
  0.04127042002148205  0.05176720985910064  0.06237829786353812  0.07302448503329560
  0.08365401535025206  0.09433231198408958  0.10495939425296698  0.11555849472340540
  0.12605659641975767  0.13662885936368849  0.14717040144806848  0.15780166189589837
  0.16846141297375034  0.17921280770874673  0.18848806119629022  0.19779605014881185
  0.20704668701344850  0.21708144139350066  0.22772409753815503  0.23827606770714738
  0.24876817361342995  0.25919122220414648  0.26961613333999590  0.28009296481691126
  0.29065430385588370  0.30125086762001602  0.31187580525224534  0.32243906253063331
  0.33300989319103602  0.34362315179752201  0.35427872319268905  0.36485667022481366
  0.37542925434581836  0.38601910676571050  0.39657785916951827  0.40710936487976301
  0.41761070871822148  0.42816990471529043  0.43881623100669637  0.44945227219683775
  0.46008205973366800  0.47059078175551355  0.48105913815402396  0.49150169952979772
  0.50196842191169555  0.51253881875095975  0.52315704433709354  0.53375247803615500
  0.54435889418301897  0.55485969566413962  0.56532922806426289  0.57578380729372569
  0.58630912007105895  0.59684909035816258  0.60739083307958774  0.61795718295103563
  0.62855105201323813  0.63912624354839875  0.64973638357161467  0.66037900392731574
  0.67095173263748187  0.68151566299703670  0.69207026129167792  0.70260992436766789
  0.71312836603333696  0.72363474997953936  0.73426344146463840  0.74491413137437212
  0.75555323578275335  0.76618865426547189  0.77683049689858619  0.78751899325175001
  0.79820795219857998  0.80889769269394529  0.81954246308742951  0.83021318660988908
  0.84092077945109844  0.85160416545804329  0.86228159646632996  0.87290752107767788
  0.88355793416776818  0.89409560827103762  0.90463456927530272  0.91525125669618224
  0.92587942228171938  0.93653188492713113  0.94718972504607124  0.95784039978005120
  0.96843008943142872  0.97893363860977889  0.98946682014045850  1.00000000000000000
 -0.00128318099115084  0.00758715123403275  0.01604130065555859  0.02518286169250598
  0.03467171538931601  0.04440592865770260  0.05435781479138208  0.06446020599940153
  0.07463926471606590  0.08478936610233957  0.09489152004595301  0.10502266356750693
  0.11523630804632257  0.12553689735242834  0.13586441919438036  0.14623216198778835
  0.15663999591773023  0.16708988155145035  0.17757369271829221  0.18801355006092429
  0.19836838179153390  0.20871243039248524  0.21908153358893820  0.22954770668723892
  0.24009207875429431  0.25071459939881319  0.26132766787446926  0.27192408049363997
  0.28261081713989594  0.29216900117327044  0.30133958716981479  0.31047169676762598
  0.31997678642112359  0.33055109478594114  0.34111088745278684  0.35171372792101752
  0.36235771609920248  0.37298650082216006  0.38356080232480627  0.39414828270163432
  0.40476133084628657  0.41541333354767063  0.42605678341619430  0.43672174615924481
  0.44739434941436790  0.45805839360925121  0.46869676713184671  0.47939910160954452
  0.49007084815791641  0.50070494645266184  0.51124153199287425  0.52183803335773904
  0.53249218074431093  0.54311201435894541  0.55374349287519165  0.56440137665675383
  0.57507947225729072  0.58575536308560439  0.59646021305394914  0.60718811241603532
  0.61789730305651314  0.62858138864256718  0.63930943515483740  0.65009093468559076
  0.66075067048535718  0.67135490892444605  0.68189413241840169  0.69253351851425249
  0.70317380782423689  0.71383025578906112  0.72449267635622727  0.73516963472406549
  0.74585110578905489  0.75653962456149759  0.76723935606910798  0.77799209808469205
  0.78872169659018954  0.79944064615615196  0.81015868344535491  0.82085720093894554
  0.83159641696530662  0.84234281347261919  0.85318017055067541  0.86395559404619826
  0.87473140016313533  0.88556957437553685  0.89646993110873552  0.90745630290413937
  0.91838661697688417  0.92939610126624195  0.94041765988276027  0.95152804042089478
  0.96286020440850828  0.97442835111733206  0.98688261100514940  1.00000000000000000
  0.25347394664832751  0.25423794413199885  0.25514181209943665  0.25766375440053840
  0.26016997745666592  0.26705028857197549  0.27610929592516570  0.28545671891399588
  0.29436587103674622  0.30285570322177563  0.31103109527479211  0.31891537666825392
  0.32662365496215268  0.33414962870561610  0.34141680923349971  0.34852529668526677
  0.35548490978099817  0.36228895400802408  0.36899074056815678  0.37557345329591585
  0.38198225723233586  0.38829582586376316  0.39455807683588889  0.40072716827268168
  0.40680556823959524  0.41281948855378936  0.41876848683100176  0.42463651167443606
  0.43047690753788492  0.43624359565117043  0.44190707250422867  0.44751609736996467
  0.45311780398144458  0.45867604017801494  0.46414785514000290  0.46960602452455608
  0.47503098183906500  0.48041536801044354  0.48575304365241323  0.49106269698705646
  0.49635650160694256  0.50162582837033987  0.50686845446477014  0.51209576882876107
  0.51731607006903602  0.52252352650761968  0.52769977726749806  0.53283209482607607
  0.53791915656541045  0.54295111293239295  0.54796054072212430  0.55297793272851592
  0.55798354228252622  0.56294319491976930  0.56786595742044577  0.57277699811193739
  0.57768941432206988  0.58258523997003631  0.58745629220476614  0.59230914682133262
  0.59714849267203662  0.60197833314856619  0.60679053935817429  0.61159592877456304
  0.61639335588632427  0.62118177389424911  0.62595445618508483  0.63070795891634923
  0.63544240367515326  0.64015680393648455  0.64486632337917205  0.64958862100256654
  0.65432630282083248  0.65906276159256527  0.66377874238450485  0.66847332121158654
  0.67313695468734913  0.67778349400784710  0.68241856492478470  0.68706923524192742
  0.69174359738914926  0.69643089013538695  0.70110919651996018  0.70577470897136452
  0.71042959702352770  0.71506674736687981  0.71969162941710252  0.72432442637286665
  0.72892532561047241  0.73369500743037508  0.73842250541322119  0.74311116290972090
  0.74801880810012356  0.75349431040666293  0.79751602454017279  1.00000000000000000
   4.7102881661486721E-003  -1.0000000000000000     
 F F F F F F F F F F F F F F F F F F F F F F F F F F F F F F F F
  <DiscreteSampler_grid>
  grouped_processes
  1 # 1 for a reference and 2 for a running grid.
  10 # Attribute 'min_bin_probing_points' of the grid.
  1 # Attribute 'grid_mode' of the grid. 1=='default',2=='initialization'
  0.0000000000000000 # Attribute 'small_contrib_threshold' of the grid.
  0.5000000000000000 # Attribute 'damping_power' of the grid.
 # binID   n_entries weight   weight_sqr   abs_weight
    13   10   1.398339685658405E+008   2.643411181719818E+016   1.398339685658405E+008
    14   10   1.398339685658405E+008   2.643411181719818E+016   1.398339685658405E+008
    16   10   1.793223113846534E+008   4.381550845405093E+016   1.793223113846534E+008
    17   10   1.793223113846534E+008   4.381550845405093E+016   1.793223113846534E+008
  </DiscreteSampler_grid>
