 -0.00008651536996426  0.00078119451540971  0.00171499064600077  0.00307506649005248
  0.00477912009636151  0.00681511100855172  0.00927544961788377  0.01200177125351085
  0.01509363644899028  0.01863596800662851  0.02252352691714423  0.02670358644954888
  0.03106546010727238  0.03580421644369598  0.04098659936316818  0.04633739128681513
  0.05177626870570125  0.05741857520522108  0.06340645336011866  0.06985903174628054
  0.07661277269266098  0.08366691683419530  0.09107449289071996  0.09864359757556165
  0.10625077690645696  0.11403535838140136  0.12223618746226525  0.13072602928391783
  0.13927503263262372  0.14774401584438049  0.15627632706298117  0.16505103984780028
  0.17413811257449541  0.18353682287126263  0.19321413574185509  0.20310828665591621
  0.21317585998955191  0.22348832873929805  0.23404915539976340  0.24472528526505724
  0.25554046489546711  0.26688053122771871  0.27834371544209074  0.28978943760006992
  0.30120705790979563  0.31294924641426103  0.32493522377573175  0.33710100010399907
  0.34926126331953250  0.36135084326644107  0.37372195756905779  0.38646246415771890
  0.39931148713856435  0.41255557959133626  0.42587500331846778  0.43904104098255453
  0.45239840711893320  0.46591516733204819  0.47969257553647715  0.49367185435267302
  0.50780823524044427  0.52206300097546543  0.53605591188428114  0.55014088079436529
  0.56435865759132675  0.57867939513565481  0.59315365038941004  0.60778621162796775
  0.62255381559636824  0.63742918048824460  0.65208300448912804  0.66688802657329782
  0.68174134609189263  0.69648189635002389  0.71116000060956663  0.72618796936968932
  0.74122986123872536  0.75630958750553245  0.77118065213579412  0.78579098104952516
  0.80017243830075702  0.81431896971300599  0.82824598866376520  0.84213605674775360
  0.85598899316752275  0.86975444715037697  0.88338936294393711  0.89680098913283179
  0.91001013448450085  0.92310795593476602  0.93618430516070394  0.94929163771837233
  0.96210502847299528  0.97483610023654743  0.98748161583582750  1.00000000000000000
 -0.00256574814695146  0.00929098816651071  0.01956635921873146  0.03003171012280599
  0.04071613611505341  0.05140231608672194  0.06206583424454983  0.07290349108444064
  0.08406967759345407  0.09541145286850744  0.10671908451067297  0.11760967265490563
  0.12829820929573635  0.13915020503935338  0.15023021011987084  0.16125685301326065
  0.17187281145496972  0.18210764841845811  0.19242420895080750  0.20277053522782518
  0.21308364089760079  0.22337086200956849  0.23388681640965706  0.24466130072510653
  0.25558866326909591  0.26687869007062498  0.27851453048373537  0.29010301705848673
  0.30132741545124414  0.31272165636771182  0.32443597164030347  0.33581897412282485
  0.34665165851589053  0.35729732054962654  0.36810647105295613  0.37907733997476439
  0.38995730958763242  0.40067016842000303  0.41127175188530296  0.42174896534475215
  0.43220792304428118  0.44269364857500820  0.45309679438915684  0.46306164043527159
  0.47248909727503036  0.48187885352467535  0.49148592997017110  0.50141498574652588
  0.51160531855906177  0.52192414769063555  0.53218781964204720  0.54217452113455922
  0.55221224770029564  0.56241705973110911  0.57256879509852698  0.58245210152331328
  0.59238257567790364  0.60261944105732190  0.61289229697308234  0.62322351089844352
  0.63354098035321949  0.64383994115174425  0.65386225438769174  0.66391422149444834
  0.67412996643338019  0.68406972083860673  0.69372726371778903  0.70340690406918271
  0.71354044777292180  0.72410353377109093  0.73453394018026608  0.74516135091994917
  0.75597756955865580  0.76720828675562436  0.77834221941313630  0.78940167383030879
  0.80020819782816388  0.81110857006575821  0.82147900135825369  0.83202390866280274
  0.84255799764771255  0.85325739376930054  0.86384568822935570  0.87434703706742600
  0.88465207473541208  0.89512588974838370  0.90493736435943184  0.91454733131902277
  0.92426834891594833  0.93398487229066751  0.94424827335963679  0.95463558953654404
  0.96581145247861422  0.97739672511401765  0.98872741928448182  1.00000000000000000
 -0.00286406244711724  0.01708096462595899  0.03182047541837831  0.04491623677215517
  0.05742826882044838  0.06890263003684433  0.07946586262062291  0.08937960708089124
  0.09889693755414670  0.10822673273107021  0.11755849034364751  0.12690278772033783
  0.13620148280345734  0.14548679454071295  0.15437186069393383  0.16318540517477398
  0.17145369338769983  0.17970832516052626  0.18779410328098084  0.19586950131034189
  0.20388114792873122  0.21167983959370532  0.21961002071034891  0.22740310467900091
  0.23474026364910633  0.24174787557067517  0.24871399980769679  0.25587380804182386
  0.26326648367881056  0.27087412667093169  0.27868900008511838  0.28640363904595795
  0.29404935709305158  0.30171434786309959  0.30927553416942860  0.31678782393987109
  0.32431874500583113  0.33192204592228741  0.33981499547521021  0.34799062351754978
  0.35659936776112749  0.36564750908646887  0.37453697597658331  0.38284818461033443
  0.39102795811574259  0.39915709350536505  0.40719439907140864  0.41524111690216420
  0.42350057870729640  0.43184322892218335  0.44036282087167172  0.44910229893089071
  0.45785818336777911  0.46654190028828002  0.47527135375112428  0.48399457456794154
  0.49270700540899987  0.50153157394268244  0.51036838595385414  0.51916578664014024
  0.52787515092957726  0.53635201617352157  0.54493175323288656  0.55389242022588270
  0.56299612512247099  0.57118122777997804  0.57990576355590417  0.58868930407138009
  0.59797071222430054  0.60685540325738185  0.61602621005080238  0.62522199757211505
  0.63480331375735566  0.64420466123730213  0.65426207124674851  0.66484213720757424
  0.67516014421576953  0.68543013053226476  0.69609228218239660  0.70693566644213313
  0.71816114631390471  0.72968932985378399  0.74188263500398111  0.75373488185823312
  0.76589319255315003  0.77860425102208308  0.79197256874090716  0.80572014351520882
  0.82020473319947329  0.83576219734990931  0.85259511231383878  0.87037649984265142
  0.89004063802266720  0.91400307928794178  0.94681262744143324  1.00000000000000000
 -0.02005431608077824  0.13123918893758851  0.17935841812414677  0.20955769942819427
  0.23398287699839199  0.25539070365472383  0.27452741329784353  0.29202493496758275
  0.30811054947740268  0.32275672885931483  0.33639441098193262  0.34945915204424027
  0.36184725762159375  0.37357518088382541  0.38488006854162354  0.39557514715015879
  0.40605174425776880  0.41626088787853016  0.42636111590364456  0.43612509228983110
  0.44546459994270765  0.45466767374252620  0.46375193414981636  0.47267844173632900
  0.48138535682031158  0.48943631825543354  0.49742161248395173  0.50485611568915545
  0.51249095118616561  0.51986696476946770  0.52687349437082542  0.53358491102393224
  0.54015569785217810  0.54656821881954076  0.55288710409171993  0.55920083861016057
  0.56546004201139677  0.57155933151834881  0.57754080273005459  0.58346769600042792
  0.58931734604844066  0.59510589983116757  0.60079462288142282  0.60632482803128307
  0.61189883379726662  0.61738082870100353  0.62288856938195047  0.62845998138956594
  0.63409063827046297  0.63963495358952915  0.64501581545642406  0.65033572501398662
  0.65566235238350579  0.66104012988573779  0.66641729820506501  0.67180233591191207
  0.67726898366264132  0.68259983090208276  0.68804361516355650  0.69315874130794675
  0.69824789813628829  0.70332993167241864  0.70838066709944703  0.71352902200728485
  0.71873915747742412  0.72394683294111462  0.72916953660710060  0.73410644631488875
  0.73894018133230854  0.74378268054153363  0.74865350258674868  0.75384281881875659
  0.75941910810244451  0.76510374396166747  0.77093957872263941  0.77665291536683767
  0.78213880391950852  0.78760011415382314  0.79322002431183647  0.79921136223486478
  0.80555873614881246  0.81211193392409831  0.81853095688138600  0.82519890789698946
  0.83212650095777674  0.83936022511752739  0.84696026645701572  0.85472505975526625
  0.86269590740548874  0.87104970940767446  0.88029923416504163  0.89035108174774225
  0.90182282346621101  0.91673696457366050  0.94098987545447332  1.00000000000000000
   4.3268793356702312E-004  -1.0000000000000000     
 F F F F F F F F F F F F F F F F F F F F F F F F F F F F F F F F
  <DiscreteSampler_grid>
  grouped_processes
  1 # 1 for a reference and 2 for a running grid.
  10 # Attribute 'min_bin_probing_points' of the grid.
  1 # Attribute 'grid_mode' of the grid. 1=='default',2=='initialization'
  0.0000000000000000 # Attribute 'small_contrib_threshold' of the grid.
  0.5000000000000000 # Attribute 'damping_power' of the grid.
 # binID   n_entries weight   weight_sqr   abs_weight
    10   10   3.173661092045797E+008   1.042909883457203E+017   3.173661092045797E+008
    11   10   3.173661092045797E+008   1.042909883457203E+017   3.173661092045797E+008
  </DiscreteSampler_grid>
