  0.00000230783620785  0.00000259473615540  0.00000274955962667  0.00000287259506342
  0.00000299771845354  0.00000312059520844  0.00000324226613433  0.00000336394740368
  0.00000348579513600  0.00000360700743054  0.00000373012149220  0.00000385563135418
  0.00000398211242541  0.00000410907267938  0.00000423194818664  0.00000435778412918
  0.00000448834287023  0.00000462119903941  0.00000475589796301  0.00000489446723465
  0.00000503878920571  0.00000518844998500  0.00000534733139814  0.00000550392622323
  0.00000565995016735  0.00000582003038806  0.00000599053279490  0.00000616963205226
  0.00000635011415151  0.00000653235380352  0.00000672160774057  0.00000692558548192
  0.00000714513026455  0.00000736959862801  0.00000759667655016  0.00000782717251832
  0.00000807565568723  0.00000834963437907  0.00000862628371137  0.00000890424406199
  0.00000918401619337  0.00000950418872177  0.00000983015030628  0.00001016555043614
  0.00001052185337860  0.00001091088030959  0.00001133564606552  0.00001177844264194
  0.00001220383784786  0.00001267652941542  0.00001316962492989  0.00001366976813679
  0.00001417857619391  0.00001473881605445  0.00001533455784301  0.00001594993956177
  0.00001658985500188  0.00001727037434416  0.00001800883644039  0.00001875990725080
  0.00001956251123483  0.00002043231573394  0.00002136415841025  0.00002229411329962
  0.00002333391015258  0.00002440045088030  0.00002550319440517  0.00002671208979609
  0.00002803456730196  0.00002940763907686  0.00003090416894306  0.00003270708475708
  0.00003472228744723  0.00003685484801694  0.00003892716120357  0.00004088932084793
  0.00004336680873701  0.00004617890780289  0.00004978949074710  0.00005318416543931
  0.00005664056767530  0.00006025407310309  0.00006422394965623  0.00006844876028619
  0.00007322446559272  0.00007912569456479  0.00008595855301862  0.00009259751509591
  0.00009935471838099  0.00010711526654244  0.00011791276295718  0.00013218168849625
  0.00014869522515731  0.00017090087349642  0.00770938258192016  1.00000000000000000
 -0.00245683999311101  0.00960414312005527  0.01974194063598193  0.03042354490672507
  0.04101341476549983  0.05160835768235442  0.06222434697456682  0.07301280621825419
  0.08389875173316683  0.09466768183590279  0.10533834881877657  0.11563929024960685
  0.12620847283400136  0.13680182219087902  0.14753632438677766  0.15770236340063098
  0.16804207123190631  0.17810144298466618  0.18825811807384618  0.19829058766274030
  0.20857008205431166  0.21914201260828689  0.22980803365970634  0.24033518311579388
  0.25099072183296495  0.26169621053130798  0.27234819829369106  0.28251613474387427
  0.29311082171928071  0.30430624365427889  0.31553000601393089  0.32612038387893871
  0.33661072772358924  0.34715161411531692  0.35762018477769980  0.36804211427443023
  0.37844730369057294  0.38901143359818507  0.39956316693770177  0.41024913955102138
  0.42090118364014839  0.43141312196175263  0.44187269202572388  0.45244759245245125
  0.46320736239886035  0.47387553328254783  0.48454771483983727  0.49522419375486049
  0.50624658859578586  0.51705079693910228  0.52772353348598366  0.53791158437525510
  0.54817490363773369  0.55854405606258872  0.56890892784474167  0.57913157826923412
  0.58929632789674791  0.59940142897025539  0.60948488787268507  0.61963498757808522
  0.62988625700669576  0.64070421349542717  0.65153192114847946  0.66240621537032307
  0.67322086295135819  0.68411179738557026  0.69489009525201073  0.70557265661927193
  0.71615629666333391  0.72681815380783599  0.73712732175886142  0.74743485025543055
  0.75780378457329989  0.76808598082730328  0.77840536127737114  0.78860711138658157
  0.79886620822717813  0.80897928696239718  0.81919648349328678  0.82979803352672299
  0.84087894762887394  0.85222908000689657  0.86324440110707645  0.87395041272890783
  0.88487909934008746  0.89582935868171865  0.90647625524073761  0.91673901527118584
  0.92698900002053974  0.93730580629762927  0.94774006578445091  0.95804514938530638
  0.96830225428898742  0.97863330584242902  0.98923135389654149  1.00000000000000000
  0.00069105591588023  0.00900826804433945  0.01644844968748862  0.02399997036381251
  0.03167353071941397  0.03946047923769397  0.04745126552089053  0.05564940045281376
  0.06385715932306639  0.07196281338560086  0.08002393123516018  0.08811594982557940
  0.09619084780438251  0.10426406365939414  0.11236120829093252  0.12050014695855808
  0.12872653431086623  0.13705153832013209  0.14554214809903931  0.15393590059156040
  0.16216694098184262  0.17030314929297527  0.17864702566496893  0.18708908401003430
  0.19541535031808621  0.20387187427904246  0.21252090654660755  0.22145019861968260
  0.23045325697271152  0.23941902948629828  0.24827083952683127  0.25732597848710498
  0.26664778156276020  0.27573409551659772  0.28462140210150544  0.29352399017753361
  0.30249883991872550  0.31158236656827903  0.32070079021646913  0.32984326409867443
  0.33895488762612158  0.34807417780715916  0.35728218276419493  0.36656378567394432
  0.37597751090337161  0.38544175387719620  0.39477125074812280  0.40408227119539220
  0.41331754139158089  0.42274740145947243  0.43209370914109757  0.44142994783376222
  0.45079132698774199  0.46028109245761867  0.46984536472634503  0.47945250339190626
  0.48920452975841827  0.49913324871916098  0.50906858649561215  0.51889325176335377
  0.52865486506163206  0.53845228467122686  0.54842596614289907  0.55855870101018112
  0.56870051252696563  0.57886288252132567  0.58916833537078894  0.59971967967116468
  0.61044139403695530  0.62111951849816893  0.63175391115405710  0.64236237574840827
  0.65315094134116891  0.66422970571926621  0.67560466566841570  0.68711521853340307
  0.69882937097679487  0.71086074528739951  0.72294550058783558  0.73504880399144945
  0.74707674493978904  0.75962128395992767  0.77256844668839364  0.78597312264663555
  0.79927875799390713  0.81282582572007445  0.82679808455549342  0.84140963443065642
  0.85637632938378649  0.87192571908556160  0.88842131411686431  0.90545524299604452
  0.92336745294036560  0.94301856446867582  0.96713966252616668  1.00000000000000000
  0.02141478030511627  0.04418297369489804  0.06098830626967175  0.07337116673685282
  0.08370600398170508  0.09258000668492740  0.10075273644425932  0.10834729354293654
  0.11560476439412651  0.12274256945014905  0.12976703177330695  0.13666054090341975
  0.14340382953960418  0.14999524680880055  0.15643741570186548  0.16284865844169588
  0.16916448409898382  0.17549919492770649  0.18191142430247834  0.18839215134192533
  0.19486462180973896  0.20126795453711002  0.20751912797388966  0.21365256703456872
  0.21981406598233685  0.22597611276388949  0.23231698665702641  0.23867958558608521
  0.24509843584471319  0.25158581293121735  0.25794458655621016  0.26440633619374260
  0.27092040506019821  0.27754726888219189  0.28415635422345309  0.29062302054989381
  0.29703571361337655  0.30358309542390227  0.31030277492772318  0.31706987243783802
  0.32372186267280029  0.33022347962675463  0.33690112803659461  0.34378960255327490
  0.35086620309952127  0.35786765986792096  0.36491713686493199  0.37187991557530387
  0.37893175117437000  0.38594141229281764  0.39286022517977132  0.39976304554895165
  0.40674868449543888  0.41391350588085213  0.42122881147197649  0.42858347339731723
  0.43597935177792785  0.44350248748352156  0.45111645418395446  0.45868268933440376
  0.46631177093029702  0.47409303787164797  0.48194505693246842  0.48994917083365486
  0.49799645109101892  0.50624480962972562  0.51456699498178948  0.52292013877672439
  0.53134216317658023  0.53999491603594951  0.54871828652184529  0.55758762059806666
  0.56652821398391429  0.57592480972530924  0.58545179478505405  0.59510899936983064
  0.60486527104373611  0.61480019865820124  0.62493819609056778  0.63538282771423960
  0.64620592292429802  0.65748915867527546  0.66907528781927872  0.68108300314883685
  0.69339983065005284  0.70627046012996342  0.71984690448957145  0.73416465557578126
  0.74893992105671725  0.76595592144286784  0.78501572951281895  0.80716637916348444
  0.83266674820923625  0.86265020555292216  0.90384942018055425  1.00000000000000000
   619.73170185719982       -1.0000000000000000     
 F F F F F F F F F F F F F F F F F F F F F F F F F F F F F F F F
  <DiscreteSampler_grid>
  grouped_processes
  1 # 1 for a reference and 2 for a running grid.
  10 # Attribute 'min_bin_probing_points' of the grid.
  1 # Attribute 'grid_mode' of the grid. 1=='default',2=='initialization'
  0.0000000000000000 # Attribute 'small_contrib_threshold' of the grid.
  0.5000000000000000 # Attribute 'damping_power' of the grid.
 # binID   n_entries weight   weight_sqr   abs_weight
    13   10   3.709939326592861E+009   2.976609245995485E+019   3.709939326592861E+009
    14   10   3.709939326592863E+009   2.976609245995486E+019   3.709939326592863E+009
    16   10   3.709939326592862E+009   2.976609245995486E+019   3.709939326592862E+009
    17   10   3.709939326592862E+009   2.976609245995485E+019   3.709939326592862E+009
  </DiscreteSampler_grid>
