  0.00000238984339603  0.00000240608919143  0.00000245312976566  0.00000250290415031
  0.00000255352588686  0.00000260636348414  0.00000265938946165  0.00000271305976736
  0.00000276804394401  0.00000282697224017  0.00000288781730701  0.00000295004516427
  0.00000301360004001  0.00000307777991021  0.00000314215757300  0.00000320910688132
  0.00000328368706582  0.00000335901308891  0.00000343590434110  0.00000351434371343
  0.00000359336644892  0.00000367559211712  0.00000376317158537  0.00000385579927466
  0.00000395272281959  0.00000405249569233  0.00000415449631454  0.00000425898696288
  0.00000437510677961  0.00000449914842987  0.00000462655991971  0.00000475748513863
  0.00000489161398177  0.00000502875286561  0.00000519092941433  0.00000535771929830
  0.00000552666400234  0.00000569696649396  0.00000588530479321  0.00000609244161306
  0.00000630702965146  0.00000652806082765  0.00000675842764143  0.00000701889540529
  0.00000729213796662  0.00000756882806048  0.00000786157017248  0.00000818730776660
  0.00000853258651427  0.00000888552801821  0.00000926283411833  0.00000967046123792
  0.00001009806068403  0.00001053899424296  0.00001105550731892  0.00001162077179384
  0.00001221079136059  0.00001284652522390  0.00001351387673391  0.00001420800770367
  0.00001498234218909  0.00001581658510986  0.00001671780875361  0.00001772964874196
  0.00001880117424385  0.00001999801972911  0.00002130519944692  0.00002266830418190
  0.00002410796959854  0.00002559805304552  0.00002720672787224  0.00002904765241922
  0.00003105049313054  0.00003352294799360  0.00003633003386976  0.00003930929797204
  0.00004248369064251  0.00004570335527785  0.00004960133294007  0.00005399122243438
  0.00005920830507398  0.00006500223019222  0.00007186387340397  0.00007950023033032
  0.00008857297056874  0.00009990645711573  0.00011300899581471  0.00012759637231572
  0.00014351266955837  0.00016032272929059  0.00017964257452113  0.00020185840126516
  0.00024312421097781  0.00029529405304026  0.00094106737402140  1.00000000000000000
 -0.00254870475048543  0.01035156961196441  0.02132821825931500  0.03200216903863674
  0.04279998173590650  0.05339761256345784  0.06384868481728040  0.07401608835153686
  0.08424651206637769  0.09449301297047877  0.10486866090614236  0.11508438850355591
  0.12566216230062227  0.13634016373417729  0.14696983057422650  0.15739414657757747
  0.16780098355890308  0.17845952370992374  0.18909603855966439  0.19993801408550402
  0.21055686929841497  0.22127627315342638  0.23171090968578814  0.24220582506623062
  0.25254559995001341  0.26275362714143263  0.27323663070118498  0.28394125417585769
  0.29453597901600242  0.30493153068000545  0.31532658263595487  0.32610623231178232
  0.33675468004074360  0.34761708842096917  0.35846859205270426  0.36930297263437367
  0.37976855772993656  0.39025810811828121  0.40073333158345731  0.41140276427831013
  0.42199560404806424  0.43274316398216534  0.44313456569368997  0.45346621977173002
  0.46374369943122978  0.47409397238850998  0.48444647027476928  0.49462388182076067
  0.50504531707611666  0.51569172174271782  0.52683181313507987  0.53778702147362312
  0.54838153252949740  0.55872627494337956  0.56920856236473039  0.57970158443480746
  0.58989803034952903  0.59999818662902982  0.61035540645389708  0.62090086369101949
  0.63166312545929837  0.64245108052974165  0.65312623480373400  0.66375758110012362
  0.67423350397772008  0.68484028197096536  0.69549143846793116  0.70630877524954616
  0.71718800974201935  0.72818460910131799  0.73919387842262363  0.75019076068170953
  0.76077593712176239  0.77136462878865941  0.78183473017102068  0.79232250580146091
  0.80283897671685256  0.81330779456698998  0.82359710957025500  0.83394489202155409
  0.84428267733707696  0.85460807716430187  0.86475225182589333  0.87497056735319445
  0.88538443200605099  0.89578409921604918  0.90589049845864622  0.91614639679325383
  0.92665748203512499  0.93742133990506349  0.94797871512575527  0.95840183480934593
  0.96895089769191822  0.97939782049385671  0.98968413294664492  1.00000000000000000
  0.00560607541021716  0.01817216716410661  0.03192026180835984  0.04574259750414431
  0.05869879535931869  0.07162342604860755  0.08465005698371074  0.09774845029194323
  0.11118797344618610  0.12487505609274424  0.13842389463786037  0.15147737478898021
  0.16403081964752630  0.17657339102069761  0.18889214588898898  0.20088983758086917
  0.21308314157142716  0.22579394395794175  0.23860361683082701  0.25125760467378516
  0.26334140435324671  0.27497619944659901  0.28633190142620013  0.29774993135319261
  0.30912448643243151  0.31995357133871977  0.33067605465027156  0.34154053045263932
  0.35285347774423970  0.36407274653925376  0.37529478313914771  0.38652629551324558
  0.39744538719695893  0.40786779525768674  0.41827074083554844  0.42883853114045994
  0.43937566356713026  0.44988917258164834  0.46044640525064401  0.47096017917852689
  0.48142046371290931  0.49179349699604419  0.50203320995220646  0.51212028030557499
  0.52215161745048411  0.53239782556910753  0.54266270730341515  0.55274191561218611
  0.56285257267321254  0.57272000334460016  0.58243194604664417  0.59179521866922746
  0.60130237244718732  0.61091125213487651  0.62039961922136433  0.62974699635646991
  0.63888502744514386  0.64817327657702117  0.65736618049538009  0.66657610880682372
  0.67582581250044937  0.68512423947092449  0.69437588212836387  0.70349924350819426
  0.71278421164372430  0.72221113733477238  0.73148508666262602  0.74041905235028327
  0.74932694307399372  0.75805094369939252  0.76677736427009169  0.77537582519286097
  0.78396911609108777  0.79254068085924501  0.80120856842736587  0.80990989144968351
  0.81868907592530837  0.82750766957491673  0.83620058213896309  0.84485227969912058
  0.85353454122655126  0.86229831598783857  0.87111773539904003  0.87978604423330786
  0.88830270489696728  0.89681266778586732  0.90553551457090764  0.91429700391030722
  0.92345052662131155  0.93261509771357765  0.94200843185462935  0.95187787644164634
  0.96209587472547309  0.97312980299612861  0.98584783487622862  1.00000000000000000
 -0.01697611724647754  0.10154613592358154  0.14214361596251462  0.16939161750732806
  0.19116895020615041  0.21047941035266332  0.22805195573315870  0.24406617148839288
  0.25846378319360114  0.27200348750300091  0.28458912128000097  0.29679526317373495
  0.30845915895609011  0.31967527236013665  0.33048252281312462  0.34120204165369888
  0.35177458940006201  0.36213133889701399  0.37227645380648550  0.38222898357848517
  0.39200009299943606  0.40162809396844068  0.41112870526893985  0.42043894246348879
  0.42957485727017380  0.43868083204855041  0.44783343670016207  0.45694517375063715
  0.46584977831893670  0.47451644118236469  0.48303999472667603  0.49145808034498789
  0.49983237478586923  0.50810985895564098  0.51636915664187166  0.52448947899752663
  0.53249129381898563  0.54047409561465209  0.54845581753398787  0.55640656047767090
  0.56434540435037850  0.57231830552514906  0.58023363175709641  0.58810367057943957
  0.59597245234853724  0.60373691745454261  0.61130290617811867  0.61862165970812844
  0.62586808113175407  0.63318485710279238  0.64056511482438905  0.64802577702267061
  0.65516227318436582  0.66212272597198385  0.66891934850715917  0.67568897347651136
  0.68243852410948203  0.68911929018021290  0.69569456301139865  0.70221496339999079
  0.70875435628580308  0.71530187351733021  0.72183251457218378  0.72831811061236640
  0.73465183622547847  0.74084038177950928  0.74700227699640964  0.75304329311692642
  0.75897103020245527  0.76488738172589077  0.77079084305192413  0.77664091709902783
  0.78244708481280345  0.78824642305825487  0.79409957125168373  0.80001836463195386
  0.80593491637995252  0.81175478704968929  0.81746462731597924  0.82330152384748478
  0.82923807596189947  0.83531692031278115  0.84141896371879876  0.84747161310699393
  0.85351818002648083  0.85971420127067288  0.86605475383388664  0.87270413144472558
  0.87994887124536125  0.88762745671094845  0.89571071034308170  0.90488645534700207
  0.91542711992231995  0.92918831702019922  0.95077823509517234  1.00000000000000000
   3.7539741885537978       -1.0000000000000000     
 F F F F F F F F F F F F F F F F F F F F F F F F F F F F F F F F
  <DiscreteSampler_grid>
  grouped_processes
  1 # 1 for a reference and 2 for a running grid.
  10 # Attribute 'min_bin_probing_points' of the grid.
  1 # Attribute 'grid_mode' of the grid. 1=='default',2=='initialization'
  0.0000000000000000 # Attribute 'small_contrib_threshold' of the grid.
  0.5000000000000000 # Attribute 'damping_power' of the grid.
 # binID   n_entries weight   weight_sqr   abs_weight
    10   10   2.315093035068728E+009   2.020581201203019E+019   2.315093035068728E+009
    11   10   2.315093035068728E+009   2.020581201203019E+019   2.315093035068728E+009
  </DiscreteSampler_grid>
