  0.01118772760213462  0.01664991628238182  0.02464160133888531  0.03449386703814581
  0.04409917609430490  0.05376685488402255  0.06355050050865847  0.07351741836704065
  0.08358929111452504  0.09377501163404202  0.10408936058251611  0.11457681213268055
  0.12520106698149772  0.13597367534540800  0.14690973566245522  0.15798890712912711
  0.16915364333304039  0.18039480720918227  0.19177200549719259  0.20333169463291509
  0.21501718122006755  0.22681473756548065  0.23871161837664204  0.25069950617876713
  0.26276120264702990  0.27494481770749490  0.28726656287151614  0.29967199622187740
  0.31214142926160593  0.32470861881365781  0.33735713853038873  0.35007830069325274
  0.36282230551338995  0.37561572806368515  0.38837670995153778  0.40115559006013607
  0.41391916819038993  0.42678713299876059  0.43966384663412800  0.45247710867142166
  0.46520555415739095  0.47794500038702348  0.49058861402972070  0.50305945285249665
  0.51549269668365905  0.52781825439045527  0.54013035070730542  0.55229689324135145
  0.56437201801068559  0.57628229303990242  0.58807493848165149  0.59978258910715343
  0.61139899629418715  0.62292778535671633  0.63429322760993956  0.64553355412060631
  0.65658521438123219  0.66745803466734133  0.67815504930297510  0.68877278957591570
  0.69932181817997718  0.70975626217780130  0.72004517206779328  0.73024893006147262
  0.74034277686599015  0.75034159781959719  0.76015186262292789  0.76980636424568516
  0.77929691650282973  0.78870400471409774  0.79803321831251517  0.80724040017666421
  0.81631459984478727  0.82526254686494205  0.83412138819855630  0.84290259061248274
  0.85160511063845956  0.86021064840968320  0.86869038742206683  0.87704578851317527
  0.88523927187949814  0.89339644202762702  0.90145233812946168  0.90945646803143954
  0.91737162773506331  0.92519415719099651  0.93294434349253974  0.94059954226848419
  0.94815340179857333  0.95562505320390401  0.96301458913573468  0.97033264394671548
  0.97760532411485312  0.98472568839420604  0.99061480325605511  1.00000000000000000
 -0.00240305462431838  0.00948145649600264  0.01958133476536814  0.03004999966307197
  0.04057711893725065  0.05108377567362694  0.06159260777954954  0.07196259554595646
  0.08228306152084588  0.09270050069803855  0.10317373833343221  0.11370997917063234
  0.12423994786943048  0.13483334039330433  0.14551170630528015  0.15622137674180078
  0.16692867204114506  0.17742964649780230  0.18798544767628095  0.19858790724353972
  0.20924319067350650  0.21972147884963700  0.23015300047947015  0.24066372096750183
  0.25121122668776541  0.26171137714523141  0.27227709480160878  0.28282807018744499
  0.29336280970662276  0.30378209436688386  0.31414908095819122  0.32459094797952953
  0.33502095185057512  0.34556335451551978  0.35601782059442050  0.36649420762834667
  0.37687471058595223  0.38736075384601631  0.39790415933614542  0.40850796867328087
  0.41914159397719153  0.42966575193510292  0.44023868487071788  0.45084889008548662
  0.46155532049462694  0.47221234564936232  0.48289728045095548  0.49348958753852451
  0.50408401777823386  0.51466475400453326  0.52529300795447331  0.53588903177749514
  0.54645588433267533  0.55701799013502062  0.56755461644596950  0.57809885437983166
  0.58860220168971822  0.59912941830509703  0.60967133302754517  0.62028762630457424
  0.63085653094921867  0.64143692180020917  0.65199701766776885  0.66253359409901624
  0.67293294459009623  0.68339331464730924  0.69387218783246030  0.70444466388282256
  0.71486585793268742  0.72524570910164410  0.73554462189226666  0.74595187926898876
  0.75643949338338901  0.76702040579848463  0.77752130571967604  0.78805732715185084
  0.79869683076947739  0.80937663191052656  0.81996384453389826  0.83044941560141994
  0.84105275035172633  0.85172247267633916  0.86251144219317344  0.87331509910899197
  0.88411494900189247  0.89485547045017444  0.90552085077171274  0.91622045671303542
  0.92672661051118799  0.93723889436342434  0.94771342114400237  0.95815296358368873
  0.96861780015261290  0.97898619054335689  0.98947277213461660  1.00000000000000000
 -0.00143213042903326  0.00752164840090767  0.01597553148539457  0.02507428676110526
  0.03455334267610188  0.04428353034083480  0.05422102630599990  0.06432703982143355
  0.07456599728686067  0.08482150989467922  0.09509301283905168  0.10533243679227108
  0.11558386598631309  0.12588468107249209  0.13627282863546492  0.14673609975546961
  0.15723665442979248  0.16774674266197862  0.17824926689841264  0.18874374524336587
  0.19922368535639864  0.20970715070698911  0.22019226076535245  0.23063323745417444
  0.24105534675686260  0.25145587552428983  0.26184177519509194  0.27224919398813757
  0.28266834047637407  0.29310906853491869  0.30355669106646083  0.31404061436452058
  0.32453780775040442  0.33503388069663681  0.34555341692042507  0.35605762944898584
  0.36653071580494312  0.37701392567444819  0.38755764463574432  0.39812922893252167
  0.40864511175338991  0.41912210312970821  0.42963458935620469  0.44016065563691936
  0.45069234001230807  0.46121646144435202  0.47175833756553115  0.48235989984684097
  0.49293571239764689  0.50352271739698318  0.51406019014761317  0.52462717123939318
  0.53524190254899340  0.54588632032623829  0.55652232903536836  0.56710029344499224
  0.57766935889938209  0.58824541814399267  0.59880676160218793  0.60937716058681068
  0.61997519854228045  0.63062059225866596  0.64123516558070937  0.65181797139770759
  0.66240218942469575  0.67299419025369356  0.68359056410855767  0.69414930036049272
  0.70473747758657657  0.71534455226378546  0.72595878221182664  0.73656328348278710
  0.74719873020017324  0.75775188029452223  0.76829248532238514  0.77881734415138970
  0.78937689663097321  0.79998287358686970  0.81058999194457104  0.82128347367772803
  0.83201084513975088  0.84275834078929868  0.85350310397501816  0.86424105546803343
  0.87500478192376718  0.88581753276808639  0.89660273313744632  0.90741072346862173
  0.91823529626309386  0.92910364254625222  0.94007331640869451  0.95113562705048205
  0.96250133778068270  0.97412981620140560  0.98674828291618966  1.00000000000000000
  0.25277206558649101  0.26101753692601237  0.27049775354678746  0.27957790976551733
  0.28837992213176500  0.29679086236955776  0.30491109585216780  0.31278217343699638
  0.32035721304189024  0.32775709870892533  0.33494983121451716  0.34183935739992444
  0.34855474868350833  0.35516352242040461  0.36153357219588150  0.36790157043424632
  0.37419851499860679  0.38034940746894197  0.38640527674004027  0.39240791371968853
  0.39832471440654632  0.40412697976875295  0.40988550730314149  0.41561150878405828
  0.42125982957665781  0.42683270398612605  0.43236681229118579  0.43787795906283311
  0.44334583812075434  0.44876814119858938  0.45414614868346020  0.45947592137837096
  0.46476822276187041  0.47004135542718339  0.47527463882269533  0.48046431488290492
  0.48561055573981482  0.49073762427059059  0.49585505976818128  0.50094445837450519
  0.50602296749918707  0.51107838393451754  0.51612340485216512  0.52112151392485451
  0.52606527395398817  0.53096991694566253  0.53585276042447993  0.54072420603863347
  0.54558056482630768  0.55042679309075748  0.55525968508278856  0.56007713332161801
  0.56485652767787786  0.56960127270724970  0.57433162644801672  0.57902360693860500
  0.58368728018330218  0.58834014987842675  0.59299184039849429  0.59763732578822948
  0.60225663236176052  0.60683823145765603  0.61138901955013092  0.61593075418770327
  0.62048282161697121  0.62503810176057639  0.62959040262642274  0.63413395067650635
  0.63866010473147194  0.64317275821588116  0.64765633059522065  0.65213731098603556
  0.65661344828523793  0.66108535967569304  0.66555701343064577  0.67001427366598931
  0.67447985477192174  0.67893329490670573  0.68339271960805148  0.68783185826786331
  0.69227221853648546  0.69670535349825902  0.70114759548335737  0.70558097262092090
  0.70999560753443425  0.71438872046023993  0.71877606390630400  0.72316746796430742
  0.72753684674605301  0.73199221840594875  0.73649838381655208  0.74104031576108531
  0.74518925388918933  0.75216836308912127  0.76739103219165594  1.00000000000000000
   4.7268741659644269E-003  -1.0000000000000000     
 F F F F F F F F F F F F F F F F F F F F F F F F F F F F F F F F
  <DiscreteSampler_grid>
  grouped_processes
  1 # 1 for a reference and 2 for a running grid.
  10 # Attribute 'min_bin_probing_points' of the grid.
  1 # Attribute 'grid_mode' of the grid. 1=='default',2=='initialization'
  0.0000000000000000 # Attribute 'small_contrib_threshold' of the grid.
  0.5000000000000000 # Attribute 'damping_power' of the grid.
 # binID   n_entries weight   weight_sqr   abs_weight
    13   10   2.163357309604844E+008   5.491649489205918E+016   2.163357309604844E+008
    14   10   2.163357309604844E+008   5.491649489205918E+016   2.163357309604844E+008
    16   10   2.758854209698594E+008   8.928954286490000E+016   2.758854209698594E+008
    17   10   2.758854209698594E+008   8.928954286490002E+016   2.758854209698594E+008
  </DiscreteSampler_grid>
