  0.00000237771514938  0.00000247244898905  0.00000253235572779  0.00000257887397272
  0.00000262810506651  0.00000267711452590  0.00000272629412313  0.00000277579748623
  0.00000282894091558  0.00000288163489309  0.00000293452199903  0.00000298782544323
  0.00000304168179570  0.00000309645792718  0.00000315230194624  0.00000320945555678
  0.00000327204452113  0.00000333621368249  0.00000340077778832  0.00000346647806108
  0.00000353359293667  0.00000360143393767  0.00000367042637920  0.00000374590069076
  0.00000382442892830  0.00000390603089374  0.00000398905304062  0.00000407365420049
  0.00000415992463323  0.00000424690794842  0.00000433630912844  0.00000443990723624
  0.00000454591798686  0.00000465241798176  0.00000476259480579  0.00000487452811337
  0.00000499025022376  0.00000511772990193  0.00000525642057780  0.00000539642969337
  0.00000554047034189  0.00000568829501944  0.00000584057945733  0.00000601591962032
  0.00000619746783699  0.00000638262098879  0.00000657091619226  0.00000677503848507
  0.00000700009845735  0.00000723967213509  0.00000749031817154  0.00000775070511839
  0.00000802795164835  0.00000834326764196  0.00000866780015147  0.00000900528788211
  0.00000936607298371  0.00000977370025694  0.00001017915265263  0.00001061347747371
  0.00001110978256011  0.00001164081411827  0.00001219399150707  0.00001279460576033
  0.00001346435552741  0.00001414331170598  0.00001497001184699  0.00001588019700868
  0.00001684390097790  0.00001791195595806  0.00001903908459789  0.00002030960631635
  0.00002170766055891  0.00002323141891574  0.00002492303958615  0.00002681718510228
  0.00002898135593870  0.00003131084872739  0.00003400480233566  0.00003707342399020
  0.00004077224971387  0.00004491789279793  0.00004987074588926  0.00005571477832005
  0.00006264435343461  0.00007126371204024  0.00008269029784466  0.00009785989483708
  0.00011623997745814  0.00013987916721009  0.00016725887260758  0.00020580451330635
  0.00026722890846165  0.00049666615441757  0.00296184633334881  1.00000000000000000
 -0.00217493680726053  0.00916722193267158  0.01882797396279687  0.02907370431258830
  0.03945934942729463  0.05035703227509051  0.06111873373411251  0.07210007256674521
  0.08296921101942870  0.09389416142479955  0.10468292893059188  0.11526467654898817
  0.12557885118041576  0.13574651489224451  0.14608868774089798  0.15655248351116283
  0.16716615245699748  0.17776151703634341  0.18834547621545600  0.19888937018261235
  0.20929198334557003  0.21975345029226256  0.23027077435029675  0.24101495310570037
  0.25176539607936527  0.26257941611711522  0.27325119916097990  0.28382700494065083
  0.29432136189853320  0.30471698153825322  0.31529922812997929  0.32602653385273439
  0.33677587022369493  0.34733751915315986  0.35765761282763681  0.36796607093642847
  0.37835962015254943  0.38887448798194563  0.39937892286871629  0.41005325876483945
  0.42070852839992529  0.43123623542067019  0.44162584627996554  0.45197459164856985
  0.46237915671063534  0.47263872988804889  0.48305839734572203  0.49352962192190608
  0.50399886056624621  0.51441781182819790  0.52477400395716634  0.53542866028367586
  0.54588885137923226  0.55640165475131231  0.56686695301819778  0.57745231252817097
  0.58820480142721210  0.59873316056652948  0.60915780639106643  0.61953882092292811
  0.63009229068656714  0.64056283804198322  0.65111809345779159  0.66166957823783157
  0.67238438183559612  0.68302624491049813  0.69366143763195853  0.70448015845148126
  0.71531019891503977  0.72620989405154968  0.73694416329175871  0.74788106715134384
  0.75841099808535306  0.76893653267534645  0.77921515489521564  0.78983363448937571
  0.80024685387360073  0.81078533650077900  0.82114043929118419  0.83177896153991759
  0.84224916422961271  0.85279359614484607  0.86311626368166572  0.87343992274259397
  0.88399333087498333  0.89432621023564063  0.90486887342422906  0.91529001047341296
  0.92614111731859960  0.93700130770741041  0.94762308655273630  0.95823152486721097
  0.96871884980410117  0.97924043649593762  0.98958598264697673  1.00000000000000000
  0.00089807640035476  0.01227351167075151  0.02444205670158914  0.03672689559132078
  0.04876008157271799  0.06055490901321409  0.07200773555614333  0.08319698889411394
  0.09439315074658351  0.10553620174227880  0.11672578467620735  0.12785188989805041
  0.13891500164394691  0.14988474095087173  0.16078268772334539  0.17162780165923081
  0.18248674883628688  0.19336974462639284  0.20429242593416527  0.21525745830406293
  0.22622274852460858  0.23707868293517406  0.24766983805659226  0.25817587139528403
  0.26879207049231807  0.27964795610258553  0.29026989775955075  0.30063986065979365
  0.31087339437112715  0.32122452103847171  0.33159922848152873  0.34171884358704147
  0.35189730780500278  0.36222027535927415  0.37265763024402482  0.38288802475922384
  0.39303228081861241  0.40319954472680331  0.41327787879677236  0.42318544342567416
  0.43301357532624341  0.44274553284057822  0.45234670881350031  0.46183512539660565
  0.47142310710001717  0.48110342289798680  0.49075486801367668  0.50032160782155488
  0.50992782498611755  0.51957691873899292  0.52928118809566638  0.53901382136281972
  0.54870826071957368  0.55839949508337805  0.56802419709643204  0.57753979676422063
  0.58696471332052402  0.59629033590448288  0.60558272891274489  0.61491940423736391
  0.62429163528988119  0.63359070152203134  0.64286204735763863  0.65205146192325814
  0.66128737801533388  0.67046212295571361  0.67962750799715266  0.68876389598277921
  0.69800579713800837  0.70721126182453908  0.71650060118172298  0.72572951385457574
  0.73511128383445978  0.74450498153713007  0.75401179155390019  0.76353695082521844
  0.77299525569681993  0.78241813140575878  0.79190004850197593  0.80165171537674407
  0.81146324431307404  0.82137662899624364  0.83135876378002815  0.84167845814786757
  0.85219214634917273  0.86271120879242724  0.87328828275213244  0.88405745547837300
  0.89498523286254361  0.90633888586597444  0.91819798117888285  0.93077328163908857
  0.94413031505521205  0.95889965723942128  0.97707563777538453  1.00000000000000000
 -0.01094145495940801  0.08630619853375396  0.11852815328796877  0.14047593300442315
  0.15850047322824384  0.17423920769727438  0.18857140004852885  0.20158932090127255
  0.21363188050621248  0.22486769641143090  0.23548579520865712  0.24559383971491947
  0.25518024469223582  0.26437123942295698  0.27333816326914895  0.28209587129557012
  0.29062488612232040  0.29874437204523285  0.30650044114398423  0.31410029723180438
  0.32165628909858734  0.32919089977992960  0.33663398737799316  0.34391687072417831
  0.35105679083134322  0.35800283112514514  0.36477149583686769  0.37152056903619807
  0.37815764688849363  0.38468478830141362  0.39117026141975314  0.39757560089014959
  0.40397089856613028  0.41040026634751398  0.41686214389483706  0.42318067265627773
  0.42939701690923793  0.43554794724091905  0.44170681466729989  0.44790553148255391
  0.45413164605285172  0.46035798648549947  0.46652946378478255  0.47264468537428389
  0.47866542988707772  0.48462563010900289  0.49062892846799905  0.49666620564037894
  0.50269114930484382  0.50865276448632157  0.51463215576292565  0.52068781163879352
  0.52682858932021370  0.53297244311598324  0.53907466305052998  0.54517553780241412
  0.55129464343490586  0.55743491129542377  0.56361863375028454  0.56983256788778036
  0.57610126314770205  0.58251824723396306  0.58895783782129196  0.59552885661607513
  0.60209444004539081  0.60871496935560365  0.61536752583000598  0.62206275680526235
  0.62881437589917744  0.63566539494754404  0.64257835225918880  0.64958111621307124
  0.65675285445405873  0.66398029177845563  0.67136216077103694  0.67884942673313897
  0.68647741134902585  0.69425367299087348  0.70220744362184517  0.71034607791961302
  0.71876477281923634  0.72741202177532771  0.73630669771458712  0.74551969942167939
  0.75514060894740098  0.76529877924192602  0.77600308512420513  0.78744032605045333
  0.79961823571734469  0.81275570598972935  0.82702731130898344  0.84292464053137028
  0.86120960789754397  0.88347267031083254  0.91871680978992498  1.00000000000000000
   20.437640691726386       -1.0000000000000000     
 F F F F F F F F F F F F F F F F F F F F F F F F F F F F F F F F
  <DiscreteSampler_grid>
  grouped_processes
  1 # 1 for a reference and 2 for a running grid.
  10 # Attribute 'min_bin_probing_points' of the grid.
  1 # Attribute 'grid_mode' of the grid. 1=='default',2=='initialization'
  0.0000000000000000 # Attribute 'small_contrib_threshold' of the grid.
  0.5000000000000000 # Attribute 'damping_power' of the grid.
 # binID   n_entries weight   weight_sqr   abs_weight
    10   10   2.767002238107922E+009   3.350906043144769E+019   2.767002238107922E+009
    16   10   2.767002238107922E+009   3.350906043144768E+019   2.767002238107922E+009
  </DiscreteSampler_grid>
