  0.00000236813627704  0.00000237438225956  0.00000238807442606  0.00000240620718316
  0.00000242494443337  0.00000244312641517  0.00000246154039911  0.00000248033668933
  0.00000250279366226  0.00000252880419424  0.00000255502158777  0.00000258437929076
  0.00000261463822478  0.00000264602927871  0.00000267863299864  0.00000271261198014
  0.00000274807248122  0.00000278992263222  0.00000283329896661  0.00000287818235123
  0.00000292477264131  0.00000297335065142  0.00000302391125437  0.00000307551564977
  0.00000312864845049  0.00000318244182315  0.00000324329300322  0.00000331470241323
  0.00000338611534561  0.00000345961278926  0.00000353462944432  0.00000361206492095
  0.00000369352107857  0.00000378095371756  0.00000388300947614  0.00000398770407442
  0.00000409546133357  0.00000420799595362  0.00000432782795663  0.00000446069199174
  0.00000460205013931  0.00000474691781182  0.00000489731846339  0.00000505646283886
  0.00000522592189830  0.00000540931426306  0.00000559668818855  0.00000579996650684
  0.00000602234662635  0.00000626047805669  0.00000650941158076  0.00000677042011567
  0.00000706028971640  0.00000737953038109  0.00000770023030195  0.00000806692495794
  0.00000845511550044  0.00000886071723844  0.00000929439327718  0.00000976800446444
  0.00001027660850552  0.00001084553735460  0.00001147641525906  0.00001214714138541
  0.00001290254735509  0.00001373021352683  0.00001462571359758  0.00001562912127410
  0.00001670477057929  0.00001791321651429  0.00001923587457424  0.00002070428837521
  0.00002232772669509  0.00002416179524825  0.00002621506341335  0.00002865613033585
  0.00003145572666122  0.00003471305475922  0.00003867387841224  0.00004357971670286
  0.00004940324755680  0.00005633923664634  0.00006459772805729  0.00007402040839893
  0.00008504080939146  0.00009907410736798  0.00011805521451304  0.00014470799273893
  0.00018105900756549  0.00023506139626832  0.00030942749236315  0.00044391635103935
  0.00070066648856104  0.00131466385369589  0.00492982691805973  1.00000000000000000
 -0.00268956322051077  0.01137125471088890  0.02254499897575162  0.03339691211858282
  0.04414113231132143  0.05474625740834557  0.06573949358189499  0.07618710311903855
  0.08676096392569815  0.09665284366513591  0.10657141495328454  0.11696137472385161
  0.12787982147923901  0.13957970673050085  0.15116222163908297  0.16279910074154677
  0.17400394924148704  0.18484481754932855  0.19519817545612023  0.20539271949453911
  0.21568259871363460  0.22629494673646722  0.23700921300425357  0.24789129914273228
  0.25881853658684395  0.26990774740815998  0.28081578378129274  0.29197267387263265
  0.30342784244874682  0.31494962490926237  0.32611743240121543  0.33693059190727181
  0.34758393480098626  0.35815386522474590  0.36895241774327170  0.37996950133111052
  0.39082908833675462  0.40142245760806916  0.41200899618113196  0.42225519396659189
  0.43200298480801996  0.44179078451441178  0.45168136006582549  0.46158960985242659
  0.47136600778486792  0.48142403238573461  0.49207637721146080  0.50280287034375859
  0.51320385588602546  0.52329933011008933  0.53362521046855660  0.54398813540379942
  0.55499076002633541  0.56629455810103835  0.57777188889989972  0.58905658101056790
  0.59998994750516099  0.61035993513511755  0.62046466320646820  0.63083533809882686
  0.64144431595551388  0.65175568741422030  0.66173463464251714  0.67182778021304534
  0.68194999596676553  0.69170616380542804  0.70137215098195060  0.71145699642096816
  0.72152726226572939  0.73110995966099501  0.74043770116557595  0.74986277207849916
  0.76017978112472806  0.77085382079501852  0.78213879374768047  0.79370418336585558
  0.80507621632734860  0.81625126067216913  0.82705778768031124  0.83756783024541881
  0.84803108190162446  0.85824346491631009  0.86851271354778792  0.87873255711906839
  0.88888353355488703  0.89948299372067297  0.91034620860557514  0.92098523655558628
  0.93155738586706693  0.94218387522923763  0.95261323927656227  0.96235484184320930
  0.97178422300769007  0.98138303834930030  0.99089877036378404  1.00000000000000000
  0.00291644176457109  0.02201366659151593  0.04166590938054836  0.06052901521727322
  0.07909115129048440  0.09789307348655091  0.11643752128972654  0.13461024608330022
  0.15243639302999709  0.16974391261008859  0.18710057603441527  0.20460081589804444
  0.22220540181074816  0.23952145439851469  0.25653136406774418  0.27323314138837718
  0.28976815520560878  0.30595273221861091  0.32156326011917152  0.33684411521733704
  0.35197227855405544  0.36686775016566903  0.38179155789132779  0.39678103625914213
  0.41133784456569683  0.42571860095382685  0.43998433565857514  0.45409692292196757
  0.46813453239105396  0.48209385186013520  0.49601059356879190  0.50974609943730287
  0.52321854104114829  0.53627031329556041  0.54904746206889421  0.56145181349683315
  0.57350087184854759  0.58545634993276496  0.59751864999021409  0.60945477081994615
  0.62108428532158810  0.63253137772741752  0.64392269380803624  0.65515372886470935
  0.66612864566587560  0.67705767964400987  0.68788491713923761  0.69842587874685436
  0.70870441335948453  0.71858120374462653  0.72850357986762004  0.73832825749882702
  0.74807207058241165  0.75745280377200863  0.76651528732158858  0.77552110848708189
  0.78455792165670746  0.79339295952482047  0.80200191649357844  0.81055384176651779
  0.81904354906279397  0.82735614001314184  0.83538808185926128  0.84336156116998828
  0.85112418817154667  0.85854041295815409  0.86578279752237974  0.87287436486491388
  0.87983654566046432  0.88666480687339400  0.89340148347045512  0.90007622356723160
  0.90663615445710577  0.91307156241069498  0.91935269702398115  0.92541381677870060
  0.93125618066046623  0.93679435480634599  0.94197807396523558  0.94695586187629399
  0.95198623176026742  0.95680918526764536  0.96121087180009845  0.96521331496607021
  0.96901058127761375  0.97270605087671613  0.97622445312388517  0.97963964974043338
  0.98284268973631972  0.98582125363234829  0.98859840584642333  0.99120192776711280
  0.99357551872163707  0.99579486869512979  0.99792416052889321  1.00000000000000000
 -0.01286771831428352  0.12059620128584510  0.16601927388263821  0.19548958257040486
  0.22015298064972527  0.24188771122580741  0.26134570237730093  0.27933386486389877
  0.29602889656164982  0.31180691992288156  0.32636520120729151  0.33982454772910203
  0.35243559392798229  0.36465315202569004  0.37669953201329692  0.38878788352001936
  0.40058565071939950  0.41217705882419736  0.42313785196618647  0.43355384896717858
  0.44352380977523120  0.45343098790039371  0.46331134700316878  0.47285377513149929
  0.48189891310722494  0.49069242534777657  0.49951022718930005  0.50827933176334050
  0.51683462057364626  0.52517501004992950  0.53309500007706767  0.54102739377781117
  0.54937353958029667  0.55807319281840329  0.56686229682211564  0.57534461844546902
  0.58365772083515166  0.59194850703299251  0.60021148610054542  0.60820705399219133
  0.61572477310227292  0.62284386982523776  0.62968272406838699  0.63642597244483279
  0.64308132073571866  0.64967540145986036  0.65598854373457638  0.66240716847218051
  0.66853737333106789  0.67437586229254209  0.68030530496810637  0.68613373503008945
  0.69196806795226340  0.69753585557667996  0.70308801134497134  0.70853365513560995
  0.71378300594387378  0.71883243127790808  0.72374878688165578  0.72863514184666678
  0.73354211356417165  0.73844339059329633  0.74339280051767287  0.74841079391926923
  0.75350867908062391  0.75864215254488276  0.76367642433484528  0.76857477099729632
  0.77333707497051052  0.77804319359165153  0.78271838855177045  0.78737037042942737
  0.79205153562803621  0.79672979485658246  0.80148491784797871  0.80625773954716773
  0.81105843585395287  0.81597474030430539  0.82102479483586621  0.82613870712776194
  0.83136767777987197  0.83676148034632802  0.84226465909593085  0.84779818015154684
  0.85344364902353065  0.85947081847293660  0.86575026646161080  0.87219443312728706
  0.87925963273657193  0.88684866551480646  0.89521827385585340  0.90463598779380505
  0.91567873517069809  0.92981898244194872  0.95228882883341204  1.00000000000000000
   11.327888047508226       -1.0000000000000000     
 F F F F F F F F F F F F F F F F F F F F F F F F F F F F F F F F
  <DiscreteSampler_grid>
  grouped_processes
  1 # 1 for a reference and 2 for a running grid.
  10 # Attribute 'min_bin_probing_points' of the grid.
  1 # Attribute 'grid_mode' of the grid. 1=='default',2=='initialization'
  0.0000000000000000 # Attribute 'small_contrib_threshold' of the grid.
  0.5000000000000000 # Attribute 'damping_power' of the grid.
 # binID   n_entries weight   weight_sqr   abs_weight
    13   10   7.657921243006332E+010   1.519851300625059E+022   7.657921243006332E+010
    14   10   7.657921243006332E+010   1.519851300625059E+022   7.657921243006332E+010
  </DiscreteSampler_grid>
