  0.00000238241096807  0.00000242904632455  0.00000247682651071  0.00000252851147376
  0.00000257911072959  0.00000262838447061  0.00000267684398063  0.00000272414327061
  0.00000277371934619  0.00000282665876787  0.00000287975580375  0.00000293281313690
  0.00000298681096985  0.00000304128994855  0.00000309619244983  0.00000315206923709
  0.00000320998960175  0.00000327096641916  0.00000333530854428  0.00000340003775107
  0.00000346619344147  0.00000353383506153  0.00000360207096998  0.00000367233658461
  0.00000374698615968  0.00000382506199203  0.00000390723079180  0.00000399093182989
  0.00000407595785659  0.00000416187655065  0.00000425019702281  0.00000434319803507
  0.00000444178413607  0.00000454744717162  0.00000465411232080  0.00000476284038751
  0.00000487436966781  0.00000498982807657  0.00000511458992485  0.00000525077008916
  0.00000538993752906  0.00000553048667935  0.00000567498416824  0.00000583279728390
  0.00000600229281553  0.00000618335579740  0.00000637221202268  0.00000656514951004
  0.00000676574447328  0.00000698424050177  0.00000722449644151  0.00000747176947920
  0.00000772423906555  0.00000799860793028  0.00000829672643005  0.00000860266152870
  0.00000892139454557  0.00000927769443426  0.00000966916308678  0.00001007869966758
  0.00001050568533670  0.00001097540279506  0.00001148750042263  0.00001201216475225
  0.00001260421720485  0.00001325995079469  0.00001395786647493  0.00001469899381208
  0.00001551012971042  0.00001635647018991  0.00001729757191673  0.00001831077350778
  0.00001937541897235  0.00002070986403136  0.00002220582675152  0.00002395450603881
  0.00002589308325176  0.00002809889396081  0.00003060534452478  0.00003341831744476
  0.00003657629535911  0.00004008672488747  0.00004416107408361  0.00004890443831337
  0.00005476292848022  0.00006238874276087  0.00007191653923351  0.00008330981215727
  0.00009904138637932  0.00012165510941505  0.00014917813153898  0.00018765753275016
  0.00025049829123380  0.00033472173940624  0.01941694502783845  1.00000000000000000
 -0.00241659804937659  0.00949810833318517  0.01949474608838796  0.02986514422549381
  0.04037414251266071  0.05097593605373558  0.06153821488286020  0.07194581951623211
  0.08243075907009635  0.09333092973097329  0.10410618333033414  0.11494254871637413
  0.12557093200555319  0.13608086942157355  0.14656438029617916  0.15674920010072943
  0.16706337905351792  0.17743491704046288  0.18786665082232254  0.19830112175068620
  0.20853316519172041  0.21891067684259599  0.22922510007236746  0.23981586152211040
  0.25032296713200475  0.26075236841307781  0.27102771235090301  0.28155365410753858
  0.29231723855941538  0.30321244576468021  0.31404940056401925  0.32471037813698350
  0.33525173121570900  0.34549881355478401  0.35573645578747126  0.36597188403016501
  0.37638128220619405  0.38705568297643833  0.39781594237084550  0.40864364295892430
  0.41934893255879324  0.43006778215303848  0.44074649160331275  0.45159262603395040
  0.46235764657224226  0.47308205550314608  0.48342149606122437  0.49364592193804641
  0.50381545516789183  0.51381909744762577  0.52373580979988998  0.53367715303661967
  0.54367503919803939  0.55379416307512030  0.56388538391157550  0.57421873431248327
  0.58475749896002904  0.59520906081910296  0.60566776443647052  0.61637100373477549
  0.62694264791275334  0.63750852088167265  0.64808432467489585  0.65884046115011952
  0.66961436074353042  0.68028674599991257  0.69112436955638479  0.70190132892567991
  0.71291420497154190  0.72397211207938239  0.73497617025878137  0.74573423532709571
  0.75660776197676760  0.76766439704421230  0.77847452409573992  0.78916787726110260
  0.79974442916296240  0.81023976276457066  0.82061139694023977  0.83076616424387817
  0.84119676155906054  0.85161700658045258  0.86226314658654313  0.87278079268936259
  0.88328184904439377  0.89374056124899026  0.90417907297714961  0.91457836437574902
  0.92487144381188857  0.93531991862226049  0.94602244711476813  0.95687838402061831
  0.96758857590790326  0.97843490222832097  0.98920834067299779  1.00000000000000000
 -0.00131859412020695  0.01195255987903470  0.02396771199910772  0.03586753018356594
  0.04751242686466112  0.05896624531830602  0.07028951898300349  0.08177112529198616
  0.09341688682765421  0.10510086035739884  0.11655196389419684  0.12774360864960296
  0.13869205368097509  0.14963305459213053  0.16057402279762029  0.17163658246961205
  0.18272947555817909  0.19362783248348941  0.20455699511805656  0.21556734672969599
  0.22685906649468390  0.23792458674881603  0.24870769630959699  0.25930034654119066
  0.26983503152214916  0.28026376112173629  0.29053938912842275  0.30101211713978970
  0.31144945661031220  0.32181537323743453  0.33197947429589031  0.34217518405733488
  0.35225997195871395  0.36228296264822468  0.37244826715226209  0.38264920437575489
  0.39280759663387366  0.40265552935546534  0.41253735816213133  0.42259502723882497
  0.43265471790318139  0.44259811624497297  0.45242276171441942  0.46231590957167396
  0.47234531814419156  0.48234185183250400  0.49221122472287310  0.50197119536275581
  0.51163373467767637  0.52124882333241107  0.53096954448823852  0.54083085803586783
  0.55065928055440416  0.56036866101671357  0.56992679944317104  0.57938298163100654
  0.58889513552059125  0.59824180314745568  0.60772054548884669  0.61720152241593973
  0.62662155046350332  0.63583490459338499  0.64502461435159353  0.65434203983331585
  0.66365719698994208  0.67277492070820288  0.68189823336287847  0.69108645796936063
  0.70037667174212115  0.70964273893507579  0.71882971663473438  0.72799449364231128
  0.73730534146639271  0.74672761212741157  0.75618385945075040  0.76557233855299633
  0.77502331339265873  0.78463471074786328  0.79438647631214487  0.80411791145372458
  0.81379928708969218  0.82349189416631385  0.83324529014515758  0.84314539657613496
  0.85317267955861842  0.86332886019053867  0.87359999558877754  0.88413997661034471
  0.89497760935392889  0.90633113825324196  0.91827873028491114  0.93084954990822155
  0.94418909139529472  0.95891049449163257  0.97703091255379004  1.00000000000000000
 -0.00981942616128470  0.08725605690236031  0.11929737746924890  0.14059547752556270
  0.15789246121302297  0.17328100757665266  0.18732917215866979  0.20015062292203048
  0.21200571443902963  0.22305633196888489  0.23360649881938486  0.24378853922020347
  0.25355552557449734  0.26281752131468322  0.27169971629376422  0.28031482083388315
  0.28879461518556815  0.29702087536426047  0.30498783887619907  0.31275960802552005
  0.32025744308169135  0.32759008054995697  0.33487074819221968  0.34212473930585785
  0.34934465144109633  0.35648345149569111  0.36349476456887586  0.37038958888326518
  0.37721013948920745  0.38396277121024169  0.39068398055678522  0.39735972730508795
  0.40382994100875202  0.41027967012163508  0.41671917488159993  0.42303068554316303
  0.42933162840964018  0.43556444823307905  0.44172719179879411  0.44786847917142891
  0.45399438232363665  0.46010860302929840  0.46619904558111386  0.47226094819492009
  0.47830045215572775  0.48430341998053150  0.49029092884565856  0.49630214499869207
  0.50232883414982898  0.50831842078041933  0.51426990415002460  0.52017496121944540
  0.52612619927756799  0.53210288330322986  0.53813329388348274  0.54422672996095589
  0.55041643642216498  0.55660576121638061  0.56281730324612933  0.56912640154940941
  0.57552802595209662  0.58202558842586671  0.58857449400122808  0.59508975446365298
  0.60155392878994496  0.60809426675880462  0.61475713231601059  0.62144691636111116
  0.62821405926244589  0.63503899357712490  0.64190544875208855  0.64895395654142052
  0.65617536071300286  0.66356157957044282  0.67105569315416780  0.67860980373303703
  0.68629095978257615  0.69418342823027313  0.70225914894183250  0.71046091537842593
  0.71882333330323711  0.72743118333449441  0.73636254537517143  0.74560242335384708
  0.75524696060432428  0.76534789906326839  0.77605232800496571  0.78746938907087594
  0.79956638493463650  0.81248085685549476  0.82639881902630108  0.84174434266444054
  0.85938970100805734  0.88107706294738120  0.91303576866000868  1.00000000000000000
   20.254873427093695       -1.0000000000000000     
 F F F F F F F F F F F F F F F F F F F F F F F F F F F F F F F F
  <DiscreteSampler_grid>
  grouped_processes
  1 # 1 for a reference and 2 for a running grid.
  10 # Attribute 'min_bin_probing_points' of the grid.
  1 # Attribute 'grid_mode' of the grid. 1=='default',2=='initialization'
  0.0000000000000000 # Attribute 'small_contrib_threshold' of the grid.
  0.5000000000000000 # Attribute 'damping_power' of the grid.
 # binID   n_entries weight   weight_sqr   abs_weight
    10   10   6.164668964344120E+008   7.674779204037876E+017   6.164668964344120E+008
    16   10   6.164668964344120E+008   7.674779204037882E+017   6.164668964344120E+008
  </DiscreteSampler_grid>
