  0.01095911088771182  0.01812653434290713  0.02540860906012770  0.03526049020300871
  0.04483134519156692  0.05451262898896729  0.06430164761638366  0.07424116699666117
  0.08429838903156905  0.09451539793952149  0.10482224302828141  0.11525377110140202
  0.12580547238738549  0.13649866841240427  0.14727326705705981  0.15811792861232363
  0.16905037537181827  0.18016310709185662  0.19143858852102047  0.20295809631601711
  0.21453305958309840  0.22622372393936635  0.23804575853184337  0.24998393896696439
  0.26193899468090776  0.27394237550366068  0.28606601399629222  0.29830792650221094
  0.31062572425400614  0.32303468427109283  0.33558371813529775  0.34826201218877367
  0.36094947535365879  0.37359819399177402  0.38628224912180054  0.39902948410883293
  0.41179801294652807  0.42457147977498971  0.43731547449209535  0.44999422346526025
  0.46261341201257283  0.47515699613422901  0.48760426168126708  0.49996030599310515
  0.51228791747556590  0.52453556540260460  0.53662166705912173  0.54861753595206830
  0.56053858349748198  0.57242016271948815  0.58422479208282774  0.59588484674584086
  0.60737238378200376  0.61867714863243994  0.62986803530117474  0.64097504910802383
  0.65200213146564945  0.66292269082364941  0.67369414500676394  0.68432650680539420
  0.69482192173547364  0.70518901532478495  0.71542987098835431  0.72552013835526130
  0.73548313317081537  0.74533385026569932  0.75508261517512709  0.76471689407514232
  0.77423280647893111  0.78359684247357775  0.79284748684790174  0.80193847741053437
  0.81094937715101745  0.81983993947282119  0.82863879701928178  0.83730643701577201
  0.84587087953657836  0.85439435671940644  0.86281740476614488  0.87115789734896498
  0.87936952213710995  0.88746987235077757  0.89549203935580135  0.90338942588865201
  0.91117842520302939  0.91885211064428174  0.92641832969408000  0.93392737820189287
  0.94137318106764345  0.94876410707722048  0.95612157348065385  0.96342129529036669
  0.97054320593609222  0.97795327981375313  0.98769200307908323  1.00000000000000000
 -0.00243168140322557  0.00956299663268500  0.01969074888188348  0.03013370079555959
  0.04059854574004496  0.05119524655667573  0.06177622915843260  0.07234127436152903
  0.08292884507681930  0.09361287561894824  0.10427365856885382  0.11485923317362325
  0.12548693691601040  0.13612923652707351  0.14678256548515120  0.15736480788366947
  0.16791099546227328  0.17836722706788904  0.18880133738613827  0.19923290318794432
  0.20963424037866865  0.22000852834194556  0.23033848280311070  0.24078614028386547
  0.25132895023932050  0.26195660370757307  0.27257150337441327  0.28311762202301677
  0.29362927879848377  0.30418126830426867  0.31473000577800953  0.32532845490300394
  0.33584689848109589  0.34639419860945775  0.35691006959762206  0.36742133676231797
  0.37788306342403793  0.38830729400422359  0.39874771018420174  0.40919520167498730
  0.41966003976500732  0.43013696131416734  0.44058867713512700  0.45103964677609221
  0.46153362246744839  0.47202822963571334  0.48257288695147327  0.49314236474057976
  0.50373299979908315  0.51430675256479585  0.52486781301894980  0.53550462005786759
  0.54614517547716079  0.55676195765292702  0.56736073141624410  0.57791017473849782
  0.58843878757198420  0.59901092963747227  0.60965490498307207  0.62035327430065690
  0.63101391833449050  0.64167178969814986  0.65224006713078853  0.66283891735514122
  0.67332556736845284  0.68386317146297626  0.69435345065620035  0.70486277215132254
  0.71531927591094790  0.72573125596704335  0.73618798601979218  0.74664824391440598
  0.75707391912025146  0.76751517119249046  0.77803365670668079  0.78849077177293103
  0.79899285775209683  0.80948135983832636  0.82003973713002165  0.83059627849696138
  0.84112058084403518  0.85173983422467514  0.86230253207383778  0.87298151060383145
  0.88357422775255823  0.89419024006312520  0.90462872754942125  0.91518675403292038
  0.92576361390649931  0.93632163606480345  0.94686546131262639  0.95735712284359120
  0.96805805443147375  0.97873581035547808  0.98940284644519216  1.00000000000000000
 -0.00153200430772210  0.00734725069843808  0.01577618055694521  0.02489095733811870
  0.03440112683283156  0.04416934474981141  0.05408828721823568  0.06415733988434096
  0.07428058055933072  0.08443913949503025  0.09457864377670730  0.10480058129900724
  0.11507289179466128  0.12539984219184816  0.13582318306920585  0.14628603558087619
  0.15684138393349228  0.16739181428096248  0.17797702809030225  0.18853927271074705
  0.19906556828403918  0.20960286296819558  0.22017091741851186  0.23076537084634946
  0.24137429808912825  0.25194293586407862  0.26246921851903632  0.27298994434480461
  0.28349580377674666  0.29398505275071607  0.30437651656481041  0.31466398621754410
  0.32495517618129294  0.33533702048985936  0.34580632299253028  0.35627706379396518
  0.36669709126508371  0.37713748748940396  0.38762107225392745  0.39816539794845113
  0.40873493266119332  0.41931363305106839  0.42991861357644673  0.44051168500955146
  0.45110585980233731  0.46166858591391180  0.47224354660534495  0.48288131257073352
  0.49351480277702187  0.50414041857591929  0.51471338516904774  0.52530565308774779
  0.53589063658827185  0.54646478590238434  0.55698874073617954  0.56753304069077115
  0.57811544546171623  0.58869042931634186  0.59925832275008561  0.60982062881438048
  0.62041598677481324  0.63103789817818912  0.64164015313755107  0.65222538641799221
  0.66277302092920165  0.67334358479065515  0.68391851264406656  0.69450837977698698
  0.70511810830846100  0.71575011465489913  0.72639483029843122  0.73705902771343268
  0.74775703023323192  0.75843622339958039  0.76906523414796113  0.77967799154845341
  0.79023019501315994  0.80071852040037472  0.81121199933595323  0.82184119562494606
  0.83255205817921707  0.84327752331755901  0.85398091009378840  0.86474860131845299
  0.87551904974337702  0.88628863687886161  0.89709165639025601  0.90796607907241400
  0.91886999902614286  0.92981522586299126  0.94082331225824178  0.95190175050793802
  0.96312697168485872  0.97457396756210513  0.98691639793502128  1.00000000000000000
  0.17334556472212811  0.26228727833447646  0.27215914403648828  0.28104431857908047
  0.28970431721816081  0.29804302036684399  0.30608833417790066  0.31387763453871548
  0.32133742138025512  0.32859239866124190  0.33565037184239999  0.34250691161502428
  0.34925818141478515  0.35585996839160183  0.36231827460140148  0.36871960805287973
  0.37501102151556975  0.38116112241002342  0.38719860640113296  0.39318232298602551
  0.39902675200778831  0.40479917146456718  0.41055202797570206  0.41623808573635723
  0.42180363741699367  0.42731459033602426  0.43279173835867035  0.43818919686816754
  0.44349589469532030  0.44876323904815391  0.45402324816998729  0.45927368959222425
  0.46450790224768790  0.46971053819263076  0.47488039229904400  0.48000460779263648
  0.48508741642186254  0.49014614039625004  0.49520428672379990  0.50025585730768696
  0.50527234183561043  0.51026066467056375  0.51523253853040962  0.52016919625394087
  0.52505131944414329  0.52991218653401617  0.53477319733021500  0.53961927065469639
  0.54440952727586056  0.54913992515217624  0.55385209219928921  0.55855955959483694
  0.56326636166736399  0.56797175064802408  0.57265666969351514  0.57732939849633047
  0.58198179920616444  0.58661573999042504  0.59122261464543491  0.59582546971608741
  0.60041757629305548  0.60500194797759521  0.60956589205562151  0.61412110033228218
  0.61867719998417081  0.62321967069162265  0.62772869087990169  0.63222611173985988
  0.63668880345123791  0.64114483019474999  0.64555908177852139  0.64996514343164369
  0.65437067786156999  0.65878636997464746  0.66320803750089918  0.66763033310910669
  0.67205583014029968  0.67647957637350320  0.68089422024057844  0.68530012397712159
  0.68970254567096734  0.69410192101161161  0.69848654401528998  0.70286434073034743
  0.70722339068497553  0.71159531444814594  0.71596122748253799  0.72030450201684282
  0.72469378410973284  0.72892755026714684  0.73291823883723684  0.73680458414742822
  0.74082911991935230  0.74447781988658501  0.74568414284711848  1.00000000000000000
   4.6791927595833662E-003  -1.0000000000000000     
 F F F F F F F F F F F F F F F F F F F F F F F F F F F F F F F F
  <DiscreteSampler_grid>
  grouped_processes
  1 # 1 for a reference and 2 for a running grid.
  10 # Attribute 'min_bin_probing_points' of the grid.
  1 # Attribute 'grid_mode' of the grid. 1=='default',2=='initialization'
  0.0000000000000000 # Attribute 'small_contrib_threshold' of the grid.
  0.5000000000000000 # Attribute 'damping_power' of the grid.
 # binID   n_entries weight   weight_sqr   abs_weight
    13   10   1.690612722144291E+008   5.575095047612962E+016   1.690612722144291E+008
    14   10   1.690612722144291E+008   5.575095047612960E+016   1.690612722144291E+008
    16   10   2.217441439105238E+008   9.742383307339405E+016   2.217441439105238E+008
    17   10   2.217441439105238E+008   9.742383307339403E+016   2.217441439105238E+008
  </DiscreteSampler_grid>
