  0.00000236941110069  0.00000241011463960  0.00000246681610346  0.00000251934956388
  0.00000256981149312  0.00000261927684525  0.00000266768696749  0.00000271573571310
  0.00000276391720610  0.00000281727500761  0.00000287041669744  0.00000292395004516
  0.00000297813232128  0.00000303294677575  0.00000308833601126  0.00000314430213519
  0.00000320048303063  0.00000326365770899  0.00000332767213382  0.00000339243576676
  0.00000345810070954  0.00000352471892107  0.00000359223913152  0.00000366075515223
  0.00000373079180021  0.00000381029802166  0.00000389176490290  0.00000397386656749
  0.00000405788072744  0.00000414359702924  0.00000423048882638  0.00000432128668149
  0.00000442099711519  0.00000452608305763  0.00000463351919366  0.00000474331329199
  0.00000485489208910  0.00000497266879841  0.00000510043759324  0.00000523565259042
  0.00000537787113418  0.00000552262494035  0.00000566998736388  0.00000582802137319
  0.00000600017708415  0.00000618215007484  0.00000637040374802  0.00000656465622038
  0.00000676728988924  0.00000698484001194  0.00000722550828817  0.00000746856256223
  0.00000771746456652  0.00000799273080222  0.00000829976920807  0.00000862076346987
  0.00000894883548020  0.00000932012769765  0.00000972360465485  0.00001014485152708
  0.00001059089119443  0.00001109221226070  0.00001163429912065  0.00001219268466848
  0.00001284022431600  0.00001352655831556  0.00001425656976184  0.00001507965912403
  0.00001597624809767  0.00001695054056578  0.00001805895627951  0.00001923802471143
  0.00002055169156755  0.00002196907910060  0.00002349484655486  0.00002526316227432
  0.00002719068863411  0.00002942178789778  0.00003201976196084  0.00003512375586241
  0.00003883189007666  0.00004293095614394  0.00004760929154408  0.00005348345906217
  0.00006071248240410  0.00006940046117059  0.00007934706129645  0.00009168551156191
  0.00010919583886980  0.00012957497611049  0.00015846229421493  0.00020714375795297
  0.00029260466148571  0.00057229805633709  0.01594582796126954  1.00000000000000000
 -0.00244618345806195  0.00961238410938952  0.01992768491941434  0.03052966394603840
  0.04138971527270784  0.05191150625387739  0.06245307455102105  0.07272911442998901
  0.08288769269722573  0.09322694590197551  0.10345190171325669  0.11387624006600028
  0.12428729323309747  0.13485295082298068  0.14562123967415494  0.15611525565380074
  0.16673758972159261  0.17717884029014319  0.18766981671253993  0.19798578553754778
  0.20845093671578047  0.21885756316248020  0.22915147567397021  0.23941704217315882
  0.24973620012893549  0.26018138669555302  0.27069751777469520  0.28118155715186666
  0.29187047973522889  0.30249767071748429  0.31319379896510358  0.32353274036935908
  0.33381570590677828  0.34432739479602525  0.35487124759709632  0.36525975791494242
  0.37555836757629957  0.38615625685817612  0.39681967282094344  0.40727151414293261
  0.41764743508056451  0.42830014919099907  0.43906461948684083  0.44964640001260620
  0.46029999267468513  0.47094881052562287  0.48158242508342775  0.49183402762940853
  0.50204838486239811  0.51255294561194320  0.52314649071817765  0.53360156846338758
  0.54417431161491470  0.55487055878508296  0.56566682224520948  0.57604507253423709
  0.58641413089836358  0.59680130724220326  0.60741317436779252  0.61816128118639158
  0.62879931099211650  0.63962383029862813  0.65009120048669966  0.66056374586941002
  0.67113256248320829  0.68160174860585743  0.69190682806235360  0.70186958905773777
  0.71193324864949714  0.72236743428803429  0.73276368341871856  0.74337518791351098
  0.75389722877030918  0.76456559413609226  0.77513539812732790  0.78581102414481152
  0.79679333355934223  0.80800053730226784  0.81896367064781117  0.82968206871228167
  0.84043426723815118  0.85132802034796151  0.86197878300407660  0.87259319910565625
  0.88317888739246941  0.89396972136619846  0.90459723663857883  0.91522059523800647
  0.92549904923100312  0.93585893930369612  0.94645147564555254  0.95707744950581297
  0.96760796253155290  0.97811854413231125  0.98903614914735083  1.00000000000000000
 -0.00235711428390832  0.01089890218337164  0.02226985851650032  0.03401328373992815
  0.04593444808978972  0.05776446625493040  0.06951870526916659  0.08092654919194162
  0.09219208295311367  0.10351633541229374  0.11480253638144593  0.12599971896588896
  0.13711411612577445  0.14837838894963881  0.15965834986548602  0.17064222553541558
  0.18137339083922083  0.19210010103294209  0.20283142773923121  0.21343671397767305
  0.22395743923247657  0.23463154673498227  0.24539945795434054  0.25601949972602894
  0.26643994647665337  0.27681166148902753  0.28732351871648359  0.29792192833655706
  0.30861846313548885  0.31911122526511199  0.32940875955597904  0.33964399041245141
  0.34991883663906559  0.36032144513609066  0.37076391897689781  0.38126421143624084
  0.39165488531668696  0.40182220221202458  0.41180979342626389  0.42147783174418907
  0.43095540732895554  0.44052484798338926  0.45011423489710117  0.45971486553195007
  0.46924951839963125  0.47888765291699315  0.48873552620988053  0.49874914968025869
  0.50885034294091591  0.51885978505816410  0.52874260940333628  0.53851249636374388
  0.54817427919349793  0.55779745706837236  0.56737858655357376  0.57678196318869179
  0.58599596276879151  0.59511593837886811  0.60428047769274384  0.61350981861624887
  0.62273924067702879  0.63195312386338609  0.64119190076127675  0.65048573668667065
  0.65972871955535717  0.66900126628935941  0.67820458684806706  0.68751192204032563
  0.69698378295729491  0.70659890975200035  0.71602909684257376  0.72528065221082949
  0.73451852798416861  0.74388610764994612  0.75340023421134317  0.76300120703422247
  0.77255098664354482  0.78218663853093851  0.79199369504161621  0.80202166747425396
  0.81220566404993189  0.82235872959631440  0.83247542970888200  0.84262387930323124
  0.85287607009786226  0.86322219209785489  0.87365499262381163  0.88422948229283549
  0.89500209336992231  0.90617041157817102  0.91792438569686863  0.93058355793924796
  0.94400725489851534  0.95885787706233006  0.97718101402184476  1.00000000000000000
 -0.01070410298185338  0.08946496339615394  0.12166586107922203  0.14241572268381281
  0.15984336207159675  0.17528598292372788  0.18929867125059957  0.20237758092891148
  0.21459941153103432  0.22584818553579711  0.23619855284304103  0.24607298503146810
  0.25560832291885477  0.26490299653906163  0.27383587127264059  0.28238724814427674
  0.29069748199924628  0.29866853113789887  0.30653831214067678  0.31422660853745205
  0.32170429192387978  0.32904435790134240  0.33624497084204463  0.34333433628893301
  0.35032543102473190  0.35725163156069362  0.36413627953776506  0.37097696964174254
  0.37784110720746528  0.38476345059890554  0.39157264361691574  0.39829674864724052
  0.40489670075520046  0.41145945155220748  0.41800608116836041  0.42449285630502115
  0.43093716527415016  0.43734076709207947  0.44366753282988686  0.44996886450236395
  0.45625172887991627  0.46243104039115174  0.46851669298973869  0.47458261058528595
  0.48068396241617550  0.48681137983239692  0.49294003731628561  0.49913180780764987
  0.50517541545343647  0.51127888130371069  0.51742691242746253  0.52358323897892944
  0.52972303274885513  0.53580429087499581  0.54185417186033802  0.54793872135789534
  0.55403885431332778  0.56014565518213433  0.56621908661373455  0.57231033560593669
  0.57843589763513792  0.58463142404511859  0.59089796112866300  0.59715485676924585
  0.60348579163751026  0.60995751549704313  0.61647319809200929  0.62296336308625788
  0.62955812681443324  0.63628491771346818  0.64314773492763477  0.65011984067389550
  0.65715682823929034  0.66427008239353369  0.67149766700379998  0.67886849227257540
  0.68639180704120528  0.69414941264349062  0.70215189561350921  0.71024203899637262
  0.71859063359486752  0.72709729187395744  0.73610911724547079  0.74552984460906579
  0.75531652791537340  0.76552898434229777  0.77623391459388669  0.78768309296502137
  0.79956973290375732  0.81213043421926789  0.82574008714808333  0.84082321750216116
  0.85816865830223199  0.87945109648449227  0.91137553737318977  1.00000000000000000
   20.056113521235382       -1.0000000000000000     
 F F F F F F F F F F F F F F F F F F F F F F F F F F F F F F F F
  <DiscreteSampler_grid>
  grouped_processes
  1 # 1 for a reference and 2 for a running grid.
  10 # Attribute 'min_bin_probing_points' of the grid.
  1 # Attribute 'grid_mode' of the grid. 1=='default',2=='initialization'
  0.0000000000000000 # Attribute 'small_contrib_threshold' of the grid.
  0.5000000000000000 # Attribute 'damping_power' of the grid.
 # binID   n_entries weight   weight_sqr   abs_weight
    10   10   2.839696230642279E+008   1.215683874877901E+017   2.839696230642279E+008
    16   10   2.839696230642279E+008   1.215683874877901E+017   2.839696230642279E+008
  </DiscreteSampler_grid>
