  0.04507434634882749  0.04854440947770530  0.05414507855738433  0.05943285330738309
  0.06479161861763869  0.07021619494043650  0.07566197125746783  0.08111892374959151
  0.08660621287837066  0.09214693979982559  0.09771813160338168  0.10336922940529832
  0.10910322508954926  0.11486339494480513  0.12066500230461114  0.12654389602169130
  0.13252896784122495  0.13857957155272216  0.14468342106325308  0.15089186319236608
  0.15721454011655620  0.16359624546839230  0.17004087816462721  0.17656810302999179
  0.18310452910130467  0.18976641324211291  0.19651507593604689  0.20329225577777546
  0.21015062510227134  0.21714840601482582  0.22425505068089288  0.23151422230526530
  0.23894911418179962  0.24645667485973380  0.25404321907947308  0.26167961430931685
  0.26938609526295110  0.27724792857027913  0.28524506099733427  0.29333748198713439
  0.30158005441398239  0.30997982572431526  0.31848078031418842  0.32704230329882950
  0.33570272374712617  0.34453950918567405  0.35348969655322882  0.36259284077364029
  0.37183817021449322  0.38131089977660088  0.39095425730873684  0.40072288947475349
  0.41057946651598032  0.42056648160181181  0.43069870752087347  0.44104805051509088
  0.45164368716902054  0.46249190609715224  0.47355312517479758  0.48479156271277596
  0.49616011530565995  0.50774445801193391  0.51958622041837299  0.53170887957018520
  0.54397062134027707  0.55644657790993690  0.56914161801452290  0.58214441186861521
  0.59526713655184582  0.60851868428557609  0.62200990447907556  0.63577069625945670
  0.64967274752852922  0.66359565450153035  0.67746830967343941  0.69150105962377151
  0.70586986223609904  0.72043711001099342  0.73504057642022402  0.74966333974136745
  0.76415236108737183  0.77857336389626663  0.79300136050013659  0.80752102765538314
  0.82203477506214029  0.83652217845445287  0.85106597753153446  0.86557577766473548
  0.87988657817935823  0.89393741228486556  0.90796186020883507  0.92179095248279097
  0.93557136848317279  0.94891820200851906  0.95983524587742997  1.00000000000000000
 -0.00253395166585316  0.00942043257889930  0.01932973990230122  0.02967039052212661
  0.04001342373287870  0.05041446424526720  0.06088433241074934  0.07144901117546493
  0.08206811986936455  0.09264338997141899  0.10322640336107210  0.11388748743129311
  0.12465694616367491  0.13506840281150012  0.14541582594889718  0.15553155283480216
  0.16587826176595991  0.17622317482615610  0.18679025131185528  0.19755277812180563
  0.20831987190707191  0.21881890453667741  0.22922506687568009  0.23978825560610953
  0.25018731687050871  0.26055238768948369  0.27091756740111655  0.28159707988121402
  0.29230114631609844  0.30300340532794856  0.31358347412014870  0.32407239992810299
  0.33463393821008192  0.34522652659470110  0.35579160298362006  0.36614266258577977
  0.37662059725466362  0.38723984919467114  0.39780360897046180  0.40827950626707915
  0.41864259623250077  0.42932886202551823  0.43989116899344094  0.45047136854000253
  0.46093953353017653  0.47145140016794973  0.48171581854743095  0.49197569690697734
  0.50220492211976375  0.51254030725188215  0.52284262191231612  0.53311399818112060
  0.54339460699564468  0.55360082436294189  0.56390572439628495  0.57443845592143761
  0.58489082780141133  0.59535948869285782  0.60554063189599183  0.61581350508266841
  0.62609762769273125  0.63667342199871235  0.64726994519520975  0.65792258711717633
  0.66856852278514567  0.67940370012363704  0.69020667539490321  0.70106442973460026
  0.71186171535881548  0.72269248813166687  0.73340213744364380  0.74402713950820309
  0.75463804493710052  0.76532024225089912  0.77599789249718787  0.78659661101432843
  0.79711056141520187  0.80771601844985730  0.81844908357397550  0.82916993961868302
  0.83996073198928045  0.85070524928415148  0.86164819974240636  0.87263078885635192
  0.88359083634674618  0.89451368911155082  0.90517654852450402  0.91574069879500575
  0.92618358598031592  0.93652741339080681  0.94706788813175780  0.95745278165512215
  0.96812557215504502  0.97866306964777761  0.98939051693695967  1.00000000000000000
  0.00062434728139699  0.00909344385713536  0.01837932959466027  0.02803519654544006
  0.03802155660359512  0.04800299666765963  0.05796662504222955  0.06786066909900124
  0.07779877867684275  0.08791017648190065  0.09805621172410886  0.10823181036210353
  0.11840597813518125  0.12876162714711251  0.13923172432816586  0.14980420873020012
  0.16027572380874588  0.17069815864578181  0.18098961500799199  0.19140920382005464
  0.20192848294667265  0.21270169524416552  0.22344869073798551  0.23419834652078764
  0.24497839135547608  0.25563761992288958  0.26637611667161476  0.27697373368132600
  0.28761579922792058  0.29802512333774966  0.30828015700933681  0.31837660025387715
  0.32848009196382127  0.33873836666153229  0.34910394641522863  0.35943222145518838
  0.36964586272978461  0.37982489471234060  0.39002168198893183  0.40024396268524831
  0.41049812790212897  0.42092183126431726  0.43150506184394805  0.44207058461762355
  0.45265493386923256  0.46321957070492925  0.47384144653383625  0.48436828944379523
  0.49482692867139122  0.50521874965561231  0.51559887733674004  0.52611082815995380
  0.53663163244324419  0.54726548523641383  0.55785247291023154  0.56847222638872652
  0.57903943365456190  0.58940786965952263  0.59988744840151698  0.61030074818006419
  0.62074568087502502  0.63107763902915870  0.64138781946690493  0.65183014225918856
  0.66221913351549477  0.67283566533876138  0.68336167041900231  0.69403261481544076
  0.70470106357178208  0.71539588152771216  0.72602777894573167  0.73653706494575111
  0.74703117246653128  0.75769900691042635  0.76842974201783121  0.77916153443498304
  0.78984348196923748  0.80061859726154361  0.81142924521679760  0.82216598261057694
  0.83299255669404415  0.84383518189958318  0.85455564381242655  0.86504331309788829
  0.87551324685097809  0.88607006330030835  0.89667124014079391  0.90719109127044950
  0.91787367135039033  0.92873915406105123  0.93982324712082810  0.95089439025177691
  0.96222996331451049  0.97393856801240608  0.98659307418167386  1.00000000000000000
 -0.01414209583719644  0.10373452343070290  0.14444196607599386  0.17120690188877333
  0.19306489231957077  0.21209317871530403  0.22910821078926011  0.24479570718807897
  0.25937056402521458  0.27285226027385823  0.28548674836507926  0.29762078822035570
  0.30936548905371236  0.32071395775166611  0.33166291713760482  0.34229528992630254
  0.35272972875720671  0.36293227582819454  0.37285405592141341  0.38249423636702201
  0.39194319548027073  0.40127662616728549  0.41052797723764461  0.41964460032986933
  0.42853201001614166  0.43723446654281567  0.44581130492490262  0.45435713068779521
  0.46289224200144408  0.47136672242222177  0.47976875425922388  0.48809608471225052
  0.49634079724683350  0.50451380376051780  0.51266791966724767  0.52077764458220355
  0.52879103493520474  0.53673147510415165  0.54456475653242009  0.55230223610071805
  0.56000187848199734  0.56759312539513440  0.57505476594183402  0.58243474960397557
  0.58977794635132952  0.59711015734583384  0.60445978924110622  0.61180537569468696
  0.61907352627994017  0.62622979525902700  0.63328121828568662  0.64033464806302787
  0.64734863376559271  0.65430202193199138  0.66118414017005311  0.66799726750516708
  0.67473718716184838  0.68145009398056144  0.68813989366163564  0.69479362785063747
  0.70140617393864113  0.70794891720403608  0.71442821559072756  0.72082364716903224
  0.72721152262742306  0.73345562274215204  0.73960238284388224  0.74574761362903486
  0.75185017875498916  0.75791571966240667  0.76392323300766407  0.76985837408972480
  0.77576401656119454  0.78167107244805611  0.78760222830949145  0.79361385090660042
  0.79972446442479950  0.80585836869292826  0.81198310047124755  0.81823319193192368
  0.82445681762214384  0.83073513704176916  0.83710856543223344  0.84356895078752536
  0.85012656300497413  0.85687967130518905  0.86384368690499602  0.87103411410199805
  0.87862711418079587  0.88673308923328398  0.89547349750600047  0.90531798915018624
  0.91671415961222213  0.93118381970090680  0.95316892217570048  1.00000000000000000
   2.3910636345552370E-002  -1.0000000000000000     
 F F F F F F F F F F F F F F F F F F F F F F F F F F F F F F F F
  <DiscreteSampler_grid>
  grouped_processes
  1 # 1 for a reference and 2 for a running grid.
  10 # Attribute 'min_bin_probing_points' of the grid.
  1 # Attribute 'grid_mode' of the grid. 1=='default',2=='initialization'
  0.0000000000000000 # Attribute 'small_contrib_threshold' of the grid.
  0.5000000000000000 # Attribute 'damping_power' of the grid.
 # binID   n_entries weight   weight_sqr   abs_weight
    13   10   6.199133477154429E+008   5.367051281678707E+017   6.199133477154429E+008
    14   10   6.199133477154429E+008   5.367051281678706E+017   6.199133477154429E+008
    16   10   7.816192649061291E+008   9.279941488354409E+017   7.816192649061291E+008
    17   10   7.816192649061289E+008   9.279941488354409E+017   7.816192649061289E+008
  </DiscreteSampler_grid>
