  0.00000241354571360  0.00000248473147280  0.00000253429418943  0.00000258066022048
  0.00000262734189418  0.00000267369663499  0.00000271946718806  0.00000276601256808
  0.00000281673651972  0.00000286751920251  0.00000291877511360  0.00000297075634808
  0.00000302362984126  0.00000307735279088  0.00000313150430417  0.00000318525323857
  0.00000324617937533  0.00000330861444191  0.00000337129079978  0.00000343464737205
  0.00000349912071229  0.00000356457781269  0.00000363084463765  0.00000370008744092
  0.00000377333749490  0.00000385104792469  0.00000393050456933  0.00000401090431219
  0.00000409315137013  0.00000417668462244  0.00000426014523186  0.00000435416435164
  0.00000445231647517  0.00000455348816231  0.00000465767266870  0.00000476471172617
  0.00000487430856384  0.00000498882349794  0.00000511024356192  0.00000524300863138
  0.00000537888534869  0.00000551717395575  0.00000565749123001  0.00000580586992871
  0.00000597138106581  0.00000614635951976  0.00000632874428116  0.00000651447009224
  0.00000670704029097  0.00000691928936188  0.00000714914091695  0.00000738782995921
  0.00000763121987092  0.00000789020830307  0.00000817570627187  0.00000847712562365
  0.00000878784177743  0.00000911032444340  0.00000948542254636  0.00000988655422072
  0.00001030104896534  0.00001075720122884  0.00001126230957748  0.00001178201787518
  0.00001230450892232  0.00001292649208731  0.00001358353491411  0.00001428343597905
  0.00001508143187670  0.00001593478302529  0.00001685192284375  0.00001787317744766
  0.00001896616536527  0.00002020552522112  0.00002161810500330  0.00002311241995766
  0.00002493735855043  0.00002693049434712  0.00002921230074686  0.00003174062105863
  0.00003458535756539  0.00003796414809289  0.00004198085224748  0.00004666311373711
  0.00005270969776074  0.00006138778679013  0.00007214203764436  0.00008445647661519
  0.00010106613109887  0.00012406200874153  0.00015591511697900  0.00019600363773073
  0.00024822062428978  0.00036869447756056  0.00255240241958233  1.00000000000000000
 -0.00212980424774434  0.00959011439141351  0.01978583519262709  0.03030498960599890
  0.04090140913617134  0.05137739963528303  0.06173874669786336  0.07238674467558448
  0.08321843451982748  0.09431048906468065  0.10530672707055416  0.11600911248980345
  0.12654777374281320  0.13670759387243986  0.14682014139312460  0.15674004820076257
  0.16672193403688229  0.17681666921678449  0.18698750160660674  0.19738539148736109
  0.20802758858292247  0.21877479959599441  0.22938600577385446  0.23985798407748429
  0.25031965299456610  0.26086079073880936  0.27148020820741736  0.28218423207691595
  0.29286802097563264  0.30339881013703407  0.31383134087378223  0.32433374233432521
  0.33490274132159886  0.34552662624382824  0.35600172820511805  0.36644212599356496
  0.37692186043547954  0.38753339999104691  0.39807329628545279  0.40863747514378607
  0.41909207066002740  0.42958352723338555  0.43998649218120661  0.45038961651228127
  0.46112864197458758  0.47179867210623000  0.48253060260135233  0.49301391507576342
  0.50367137333851153  0.51462426826970542  0.52550294770495343  0.53629624024266775
  0.54669122272273918  0.55700444720038933  0.56734161998699895  0.57777960874736545
  0.58850297059841972  0.59926811106838151  0.61000193535096114  0.62062640643062061
  0.63115682866327971  0.64162605931628458  0.65205222635746785  0.66230032249404913
  0.67262862402939549  0.68285884160402222  0.69325586397897732  0.70369128247599855
  0.71417975009255241  0.72462534755286112  0.73505006003747864  0.74549765824959646
  0.75602654411161707  0.76657928888489024  0.77703514832506593  0.78764789794829881
  0.79827450903257902  0.80894520644988888  0.81960724204720248  0.83014929918626745
  0.84074502066268142  0.85131338402367795  0.86200489839912520  0.87276377515210690
  0.88320967357189906  0.89363258319782235  0.90407454792090247  0.91484022415667465
  0.92565265382563244  0.93645679698330320  0.94715915819703278  0.95772809011811177
  0.96832272138878983  0.97889193741303748  0.98947931548242807  1.00000000000000000
 -0.00122316188394935  0.01195209036626338  0.02295702287030855  0.03436465452572242
  0.04577960341999628  0.05716768716686529  0.06853925811020917  0.07993335487100767
  0.09139642328274096  0.10300936579790809  0.11476150148539936  0.12653590397726464
  0.13835052922528476  0.15004903218894791  0.16153825229486216  0.17294843926495840
  0.18432649686495040  0.19544350358753723  0.20642446067221107  0.21715773485923734
  0.22798831117351637  0.23878668735728378  0.24984916808696897  0.26072075200634476
  0.27153752343930548  0.28190404670695607  0.29203926548319420  0.30214703759364131
  0.31251007014273080  0.32310155868658180  0.33355109046715953  0.34380908144240713
  0.35388053291427013  0.36406563106489587  0.37409886085926591  0.38400998625888555
  0.39387224092035844  0.40397958443268633  0.41407119224032157  0.42390067304607004
  0.43366397558268233  0.44365355566283077  0.45357952072624375  0.46342632124232558
  0.47289237354100389  0.48229860469999819  0.49172062517032716  0.50117166919114742
  0.51053191494215255  0.51988392552291340  0.52919981293755847  0.53843643458520263
  0.54749707571535711  0.55653069379877351  0.56572636867501414  0.57503551222816940
  0.58434488851452093  0.59363333682848018  0.60301054582283509  0.61251910227376039
  0.62207227419050226  0.63158775619081675  0.64103322331052093  0.65043230582045719
  0.65981081242743356  0.66915075650331046  0.67834526055343758  0.68757438969696183
  0.69672894185386969  0.70587540026567475  0.71502117599855941  0.72414585772880358
  0.73339799909836734  0.74272339529531761  0.75214933853842769  0.76189160143883183
  0.77181098212818688  0.78178243688708227  0.79181267350695339  0.80179501109722462
  0.81181701622068314  0.82178123543803072  0.83179761439623456  0.84201558189908443
  0.85244298901772364  0.86306750524461640  0.87379106531069972  0.88453875687209316
  0.89547854584065745  0.90683908998141138  0.91860853734127934  0.93083448255025092
  0.94384412080334823  0.95847723335110302  0.97665938665745111  1.00000000000000000
 -0.00617626689192289  0.08505404472047069  0.11788193492565512  0.13959551399810152
  0.15737582411278547  0.17315978042254360  0.18756917131291470  0.20090726649033899
  0.21320262601783369  0.22461287884489481  0.23522087948506873  0.24527123489152608
  0.25489173822574274  0.26414983397124975  0.27303147894253293  0.28151402580090196
  0.28984620130457328  0.29796879471242155  0.30592670704658326  0.31365707799929493
  0.32120319512205031  0.32865723695794730  0.33599163591897102  0.34321934502841644
  0.35037662847179557  0.35745478741260661  0.36444152801125917  0.37135362319487658
  0.37820856317137447  0.38496155340132138  0.39165183807585102  0.39825363253954504
  0.40468892480358010  0.41109351824113138  0.41742559061615392  0.42366984823881032
  0.42992817627228430  0.43616703708399607  0.44231622442001295  0.44845971275804319
  0.45457730042257011  0.46065230891096454  0.46668569226897039  0.47267204952592057
  0.47861867300440691  0.48454405953349888  0.49049971062483461  0.49646474728345447
  0.50255742432179451  0.50867990061939694  0.51479225874841850  0.52083259368004231
  0.52684840703703384  0.53286947314417266  0.53888877457530882  0.54502177702140819
  0.55121841793863147  0.55750788003985252  0.56390832126155155  0.57033544947565751
  0.57673240172174423  0.58308475441204977  0.58943077494897878  0.59588505899096500
  0.60239584428931081  0.60898754460622451  0.61562290079425008  0.62219008735697789
  0.62895465916504301  0.63578559844062266  0.64267753855021337  0.64967608511443609
  0.65676496400223583  0.66398710200562017  0.67142438466977161  0.67903643134264224
  0.68673604210571249  0.69455992562533431  0.70248577562586645  0.71052277818322840
  0.71877348629048543  0.72724217188939144  0.73612316717634974  0.74540230355020731
  0.75513912094343372  0.76530136476118515  0.77599383962482682  0.78730476265329241
  0.79936088852458487  0.81228213256836390  0.82639347487572112  0.84184313988892112
  0.85952441860816853  0.88131755328520445  0.91365338095354220  1.00000000000000000
   20.132686970634886       -1.0000000000000000     
 F F F F F F F F F F F F F F F F F F F F F F F F F F F F F F F F
  <DiscreteSampler_grid>
  grouped_processes
  1 # 1 for a reference and 2 for a running grid.
  10 # Attribute 'min_bin_probing_points' of the grid.
  1 # Attribute 'grid_mode' of the grid. 1=='default',2=='initialization'
  0.0000000000000000 # Attribute 'small_contrib_threshold' of the grid.
  0.5000000000000000 # Attribute 'damping_power' of the grid.
 # binID   n_entries weight   weight_sqr   abs_weight
    10   10   4.253054509459404E+008   4.545183908656160E+017   4.253054509459404E+008
    16   10   4.253054509459405E+008   4.545183908656161E+017   4.253054509459405E+008
  </DiscreteSampler_grid>
