  0.00000236657288089  0.00000242536971441  0.00000246205499750  0.00000248157646663
  0.00000250581285135  0.00000253111146383  0.00000255730523195  0.00000258472436525
  0.00000261297692542  0.00000264283500550  0.00000267296433665  0.00000270344986620
  0.00000273560484709  0.00000277009794678  0.00000280601255576  0.00000284399588363
  0.00000288287406970  0.00000292245220199  0.00000296262468746  0.00000300356016084
  0.00000304572876415  0.00000308810398993  0.00000313085997416  0.00000317644514429
  0.00000322552828410  0.00000327915314213  0.00000333608235113  0.00000339311473614
  0.00000345186031587  0.00000351240249674  0.00000357445824964  0.00000363769229785
  0.00000370256525221  0.00000377411642083  0.00000385521727144  0.00000393621294891
  0.00000401856946858  0.00000410320832941  0.00000418844208400  0.00000427820294352
  0.00000437454395154  0.00000447834577050  0.00000458922838881  0.00000470120369961
  0.00000481619123582  0.00000493179053495  0.00000506223497505  0.00000520239022263
  0.00000534894515717  0.00000550069097327  0.00000565581898224  0.00000581751302365
  0.00000599717656281  0.00000619389879285  0.00000639491148883  0.00000660208036976
  0.00000683111928051  0.00000708124467752  0.00000734584169973  0.00000761973641775
  0.00000791216909844  0.00000823365745195  0.00000857585328216  0.00000893529793526
  0.00000932840390990  0.00000976438626296  0.00001022925632454  0.00001072716259124
  0.00001129983073388  0.00001191193231462  0.00001259343032822  0.00001335915651120
  0.00001418090502196  0.00001508476967423  0.00001607347938709  0.00001716913187113
  0.00001840026360131  0.00001980714220237  0.00002146100710498  0.00002341037451325
  0.00002572667956165  0.00002847933320799  0.00003178749696149  0.00003591422683246
  0.00004100641778073  0.00004697251437885  0.00005470007679742  0.00006533022229188
  0.00007975024903765  0.00009946621721617  0.00012798034664074  0.00018075692038635
  0.00028023401101577  0.00049063148367495  0.01928057721821098  1.00000000000000000
 -0.00233528631207216  0.00922516745583827  0.01916851279397845  0.02959847066179373
  0.04013521447705891  0.05074122225600285  0.06115227271980395  0.07169077159432162
  0.08252788963860257  0.09356650375689243  0.10450338056296185  0.11564818772824988
  0.12660862115801502  0.13743168963287727  0.14778317514146289  0.15755192405954724
  0.16732441080192584  0.17738385276296872  0.18777992888950315  0.19814667480854042
  0.20818045312374750  0.21834279292284825  0.22857562913677842  0.23936373375828107
  0.25046867786427784  0.26145913701795653  0.27221869922303321  0.28302483568159054
  0.29374027742600733  0.30422161712279944  0.31455587991904310  0.32491329767954868
  0.33515943188004027  0.34523301614966739  0.35527504913336877  0.36562450494617404
  0.37604018257132132  0.38654524387110784  0.39706406854155046  0.40784196251303056
  0.41857611918764637  0.42925823434105087  0.43990203601720940  0.45089456031415548
  0.46185198652912923  0.47265948092577237  0.48306161132072362  0.49335892931641534
  0.50360607044457562  0.51375892666496803  0.52381469996924701  0.53377058256227838
  0.54370499050304089  0.55373554071420761  0.56396400550657966  0.57442968963149610
  0.58490959571701817  0.59507091935462331  0.60523413145282512  0.61543311970448489
  0.62565934851482208  0.63580032286651567  0.64597534876324492  0.65652304511763837
  0.66699571952683456  0.67783847275082498  0.68850882140656700  0.69937822938364769
  0.71040076908981353  0.72140066735805619  0.73239876542238325  0.74303749789121998
  0.75372406473490949  0.76448402855514608  0.77525862434347603  0.78606195296100845
  0.79707308781748787  0.80785564024727619  0.81837858730372426  0.82875365723699357
  0.83921699058496557  0.84984952047620332  0.86033488704747751  0.87085382480052342
  0.88122093623997377  0.89167384779350767  0.90218284885136957  0.91297571505513375
  0.92350326262162985  0.93436593149260228  0.94540404917922882  0.95686482162273023
  0.96774794200706904  0.97865653610929859  0.98933550552904637  1.00000000000000000
 -0.00075962211810474  0.01417593035257600  0.02806100249796070  0.04208794391496353
  0.05603113823989856  0.07009557625868346  0.08406630969981915  0.09799379179180651
  0.11186554130368509  0.12546720554858468  0.13881267641308673  0.15204650771625847
  0.16545487393666780  0.17894938459712953  0.19248453327608153  0.20572358045476435
  0.21882917623471088  0.23188297373858863  0.24481623037539788  0.25795162251481135
  0.27106372553852726  0.28380359074769446  0.29637330994879291  0.30900705526186723
  0.32163380050101981  0.33423293146058830  0.34694298734207141  0.35960011860845564
  0.37208033220193665  0.38444858571581342  0.39673274762810040  0.40890690516551631
  0.42102580387402910  0.43311977446564759  0.44520196123876515  0.45723170664351459
  0.46924778792003824  0.48122855787155150  0.49301136912887811  0.50449671702299015
  0.51583217700024675  0.52734911762875381  0.53886822293895287  0.55017996145602033
  0.56125548676590409  0.57226246307849615  0.58309533074921038  0.59372071920605629
  0.60428927802074750  0.61499007923685911  0.62556111029154005  0.63592595772876914
  0.64613716485634687  0.65625921851440139  0.66630966766882571  0.67626852164438944
  0.68621138421834238  0.69602130449542321  0.70565166721088679  0.71511973604102774
  0.72454781936552448  0.73410113759118489  0.74368288713803954  0.75307847959325891
  0.76227809456713080  0.77145844982673051  0.78072336971321232  0.78997131599696613
  0.79906249634249471  0.80797963286750307  0.81670263371612006  0.82524225303728183
  0.83372232095464960  0.84212538442579132  0.85041269049222712  0.85846978511139072
  0.86631511121175853  0.87410286504014079  0.88190893235108314  0.88969433992085689
  0.89738204646386377  0.90497410840521708  0.91238499400519313  0.91958742094128232
  0.92670397889966272  0.93377531409110537  0.94084714218122878  0.94784947635585859
  0.95472241591500162  0.96140713256636179  0.96803090196307096  0.97461116090742250
  0.98107986734930974  0.98746958651716388  0.99379230592020962  1.00000000000000000
 -0.01013428515784221  0.09180242396761011  0.12568012498905473  0.14716015378076056
  0.16457276185496691  0.17983817141711217  0.19367370512294649  0.20627171348536275
  0.21794877575918101  0.22889422096809750  0.23936725201331133  0.24950412430467447
  0.25914149710277912  0.26834108285516645  0.27702729482224475  0.28545328916934459
  0.29367952148742305  0.30163533625167960  0.30941211788832984  0.31707419005807536
  0.32460431860139932  0.33203054745249688  0.33938954616133404  0.34667753712252769
  0.35389838411457530  0.36100704660996286  0.36795957989950556  0.37478010920509047
  0.38144724254959761  0.38805453105798887  0.39461586410496796  0.40100667040157928
  0.40731286702448460  0.41359244916788640  0.41986645130646250  0.42612217064491043
  0.43234304188935302  0.43852624674141050  0.44450568027994325  0.45039798070430775
  0.45631815658844332  0.46230355559419067  0.46833876358521320  0.47432444313695404
  0.48019096807589146  0.48597184724387521  0.49171331400282348  0.49745421489335662
  0.50318497960376096  0.50888920983620434  0.51463868474278773  0.52048329875110533
  0.52645581513438122  0.53247252773464193  0.53834609149829260  0.54436561477813961
  0.55056804176483887  0.55690524962546051  0.56337255638916750  0.56994583168395607
  0.57656286140926649  0.58318901918925059  0.58985072124885951  0.59655169966720634
  0.60318374753768766  0.60975518253274896  0.61629354916903434  0.62282460693444341
  0.62934235106988623  0.63589711543705940  0.64250815905134362  0.64923354727655191
  0.65603876669508709  0.66295884078213441  0.66997798145053000  0.67701936336319746
  0.68415478369936022  0.69164545343839279  0.69946266169274662  0.70738349963714520
  0.71551583477582725  0.72386159700405250  0.73253034785677451  0.74166845397079695
  0.75121816766574245  0.76135547756932631  0.77206363991108318  0.78341803447954550
  0.79538879602432289  0.80822762216601651  0.82207802071432456  0.83728021162766197
  0.85485890617658389  0.87688778100294551  0.90997188588074329  1.00000000000000000
   3368.2121514380119       -1.0000000000000000     
 F F F F F F F F F F F F F F F F F F F F F F F F F F F F F F F F
  <DiscreteSampler_grid>
  grouped_processes
  1 # 1 for a reference and 2 for a running grid.
  10 # Attribute 'min_bin_probing_points' of the grid.
  1 # Attribute 'grid_mode' of the grid. 1=='default',2=='initialization'
  0.0000000000000000 # Attribute 'small_contrib_threshold' of the grid.
  0.5000000000000000 # Attribute 'damping_power' of the grid.
 # binID   n_entries weight   weight_sqr   abs_weight
    10   10   8.575144528490012E+010   1.755145147319832E+022   8.575144528490012E+010
    16   10   8.575144528490012E+010   1.755145147319831E+022   8.575144528490012E+010
  </DiscreteSampler_grid>
