  0.00000239770395995  0.00000242789564662  0.00000247138179057  0.00000252026778841
  0.00000257071064770  0.00000262099134765  0.00000267094784777  0.00000272048006833
  0.00000277113697233  0.00000282350299098  0.00000287693229963  0.00000293056327559
  0.00000298531430165  0.00000304127019368  0.00000309812454316  0.00000315642176849
  0.00000321687484847  0.00000328006766092  0.00000334575075082  0.00000341200240922
  0.00000347989451225  0.00000354889508686  0.00000361864361902  0.00000369120025461
  0.00000376790472946  0.00000384869604621  0.00000393229827393  0.00000401684623668
  0.00000410348848325  0.00000419120363438  0.00000428117563097  0.00000438043233754
  0.00000448534053651  0.00000459279662107  0.00000470231667235  0.00000481359328191
  0.00000492658529219  0.00000505103683992  0.00000518501320171  0.00000532687725671
  0.00000547261643212  0.00000562092069216  0.00000577638911870  0.00000594257181351
  0.00000611903065453  0.00000630379211763  0.00000649256510413  0.00000668637888788
  0.00000690262277449  0.00000713504247463  0.00000737694461984  0.00000762698891221
  0.00000789422779104  0.00000819682011223  0.00000851815445431  0.00000884356582076
  0.00000918767954318  0.00000957918047627  0.00000999617768053  0.00001042644368097
  0.00001091499716578  0.00001144282983340  0.00001198570380601  0.00001258346709943
  0.00001324307207249  0.00001392413351863  0.00001464047429665  0.00001546159023143
  0.00001633113255004  0.00001730731758512  0.00001842104150021  0.00001953167947483
  0.00002088825745408  0.00002235850778752  0.00002410532207566  0.00002605706443162
  0.00002822446148759  0.00003066515094561  0.00003344270182352  0.00003647636085350
  0.00004005095621543  0.00004428716002644  0.00004941441810714  0.00005558054948533
  0.00006339326854489  0.00007301811416133  0.00008387225649991  0.00009646190246766
  0.00011321559685789  0.00013452906188208  0.00016291030989940  0.00020637415514460
  0.00026883678453545  0.00035338776413465  0.00282312015870159  1.00000000000000000
 -0.00235070384043773  0.00957980044444103  0.01936412996475808  0.02974157044106705
  0.04009864246263600  0.05087306119056614  0.06138090807971329  0.07186316880613011
  0.08219370034101497  0.09274993207860480  0.10331343105928092  0.11373928703426012
  0.12426999006333823  0.13498102976481635  0.14568422044578824  0.15630481499511334
  0.16693213102728183  0.17776957608355226  0.18849979084777810  0.19897889387665513
  0.20932249508304746  0.21975787807519093  0.23033577125248511  0.24086629359569872
  0.25143885903280855  0.26198189654320697  0.27278365631794554  0.28353624958769647
  0.29429455922181064  0.30505513212070640  0.31576059195197714  0.32651061828874695
  0.33717948892223165  0.34790950132156195  0.35868377554111286  0.36940842972832827
  0.38011594478736294  0.39075643768241763  0.40149888748736412  0.41222308188143941
  0.42268096126521842  0.43320184507874954  0.44376602667118875  0.45440552460837746
  0.46479683282581008  0.47521925051151886  0.48585426648861418  0.49653244352605630
  0.50715174879057312  0.51768210045279239  0.52839872924544717  0.53899072371306023
  0.54942425267509942  0.55986664139018094  0.57030317484912951  0.58071585454125085
  0.59083555514042763  0.60098718108656179  0.61107303176434757  0.62133920155858435
  0.63155241947034879  0.64186339310417551  0.65215756036385153  0.66249361376624061
  0.67312975362560701  0.68390417577029794  0.69463669821472307  0.70539112438846197
  0.71599016023263207  0.72667454526614117  0.73718449339395598  0.74787983218528364
  0.75849136096735592  0.76929607527700961  0.78003008211953151  0.79073748718640757
  0.80102208079181070  0.81128266670364912  0.82165438369036414  0.83193764742691279
  0.84240798077652457  0.85290749841592761  0.86378782338085203  0.87454252074084160
  0.88515867111653024  0.89576257076993393  0.90615088325216187  0.91668629466374207
  0.92715425048343836  0.93770820552295053  0.94790866273291319  0.95823717117745155
  0.96878250194502435  0.97949307567584010  0.98980793218470620  1.00000000000000000
  0.00215485523993652  0.01321518868073347  0.02546331963753037  0.03800095376099567
  0.05016433042948041  0.06192783744193472  0.07354227673927262  0.08510472391353177
  0.09676751780108532  0.10853756801581307  0.12020477429588841  0.13165017362609566
  0.14276924287502918  0.15357710006916661  0.16433870008763438  0.17524602140587314
  0.18622923489720419  0.19715753189491095  0.20805849107742763  0.21901781186534891
  0.23004931082948443  0.24097558748490538  0.25172577910179872  0.26222484301757887
  0.27261905910061079  0.28299544964515960  0.29321463869774295  0.30321640069208156
  0.31307771977841964  0.32302545669803562  0.33311106487173314  0.34320565139300468
  0.35319681347719822  0.36301364665975039  0.37273857357916801  0.38245037093858658
  0.39219589622014256  0.40200040066712606  0.41174190150917300  0.42153600905399902
  0.43128805477471649  0.44125294805522719  0.45127153689826849  0.46121480496682787
  0.47112790301855745  0.48098214294412800  0.49083030088095858  0.50066316156416524
  0.51037118946267379  0.51999051708653865  0.52958877385655523  0.53926639063901138
  0.54895094132138123  0.55844840230121884  0.56784367516166745  0.57723670834518803
  0.58676658977345697  0.59635256111294754  0.60584093042772369  0.61527111865898898
  0.62471652227790719  0.63421810730000894  0.64367121894457580  0.65287332374338025
  0.66191072556112751  0.67111892711691168  0.68051900805296794  0.68979211195827084
  0.69903259726306755  0.70820699946953014  0.71779885357642026  0.72725803919216891
  0.73678625948327914  0.74616165558318426  0.75554591576258445  0.76496667820544728
  0.77453459052342011  0.78423479284345754  0.79401788969460818  0.80377917675633948
  0.81359459127062883  0.82341863069038412  0.83327212221225277  0.84318512316417960
  0.85323363129590490  0.86358052035625443  0.87421189016893819  0.88505923502615047
  0.89617356184041252  0.90754746295677824  0.91928225573687128  0.93156697158702273
  0.94467445689981566  0.95930483810518696  0.97727482419361111  1.00000000000000000
 -0.01433778710996760  0.09247777004508327  0.12122938107077452  0.14237844036778904
  0.15976544737890308  0.17492304445553075  0.18881237037468016  0.20153219835793529
  0.21345272861861053  0.22456874338558433  0.23509871209976860  0.24510020349310782
  0.25466542905745276  0.26388415343910027  0.27285350851919271  0.28153766867740859
  0.28995871883348767  0.29805409290584312  0.30590451394469437  0.31362968424265414
  0.32116650534738972  0.32855623038439824  0.33574907196019460  0.34274843687708617
  0.34967933505370752  0.35659031486857151  0.36342366220165984  0.37026955773719789
  0.37706022500835312  0.38366027785664192  0.39006893168100448  0.39634758184058066
  0.40259724000301955  0.40887901739378169  0.41519931359946166  0.42149312707035702
  0.42775592490727388  0.43396779966582721  0.44013137738474523  0.44632674971968833
  0.45260171155399792  0.45888170860262967  0.46513597045878768  0.47140967985888849
  0.47771129907015780  0.48394955913103538  0.49016059487336272  0.49631467687292502
  0.50246552836512970  0.50858527066161574  0.51469196497185354  0.52082676782392767
  0.52699112763039868  0.53315582045683862  0.53931608442691648  0.54547021390069406
  0.55160700401288842  0.55780161899901515  0.56395169668490719  0.57013553537423645
  0.57637976003958868  0.58268145325284060  0.58911977487320011  0.59554790273298308
  0.60192467334339805  0.60836129608597389  0.61492232104136524  0.62166070807446683
  0.62852240831002926  0.63537994593753866  0.64222481853754509  0.64910252806191160
  0.65605895961980820  0.66311573374672494  0.67027630125436743  0.67756580313656101
  0.68500533683129616  0.69268419063823639  0.70066085365453989  0.70885717651861579
  0.71746076092948552  0.72634686250864600  0.73551748292915109  0.74500288550454086
  0.75477827119216157  0.76478436123902349  0.77526178276850233  0.78649943506459874
  0.79840307721172543  0.81127049107395854  0.82539389948541730  0.84089777841435309
  0.85839192035370870  0.87971297793628422  0.91190084320693721  1.00000000000000000
   20.402916352863148       -1.0000000000000000     
 F F F F F F F F F F F F F F F F F F F F F F F F F F F F F F F F
  <DiscreteSampler_grid>
  grouped_processes
  1 # 1 for a reference and 2 for a running grid.
  10 # Attribute 'min_bin_probing_points' of the grid.
  1 # Attribute 'grid_mode' of the grid. 1=='default',2=='initialization'
  0.0000000000000000 # Attribute 'small_contrib_threshold' of the grid.
  0.5000000000000000 # Attribute 'damping_power' of the grid.
 # binID   n_entries weight   weight_sqr   abs_weight
    10   10   8.907992442423557E+008   2.295931491810796E+018   8.907992442423557E+008
    16   10   8.907992442423561E+008   2.295931491810797E+018   8.907992442423561E+008
  </DiscreteSampler_grid>
