  0.00000238157865894  0.00000238745543596  0.00000240100710265  0.00000241731595722
  0.00000243461020478  0.00000245374470289  0.00000247287678917  0.00000249386951349
  0.00000251791133685  0.00000254364335515  0.00000256991289813  0.00000259680271362
  0.00000262509364796  0.00000265401247438  0.00000268448101177  0.00000271668262622
  0.00000275023571202  0.00000278723354482  0.00000282502417713  0.00000286363526663
  0.00000290288443890  0.00000294277286404  0.00000298418734771  0.00000302688403792
  0.00000307161299032  0.00000311673941382  0.00000316264828458  0.00000321160611458
  0.00000326625350500  0.00000332365559388  0.00000338267581777  0.00000344314918667
  0.00000350532059751  0.00000356870234575  0.00000363247023691  0.00000369978742827
  0.00000377359358629  0.00000385449919468  0.00000393802161477  0.00000402315902934
  0.00000411047528974  0.00000420021212793  0.00000428980417559  0.00000439644987258
  0.00000451287222797  0.00000463070031924  0.00000475161857292  0.00000487789845184
  0.00000501162853523  0.00000515673078839  0.00000531942232808  0.00000548781728401
  0.00000565640024665  0.00000583948722695  0.00000603817604541  0.00000625054139502
  0.00000647418484228  0.00000670790721737  0.00000696117961261  0.00000724103981645
  0.00000752916290919  0.00000783591193078  0.00000818822176095  0.00000858171501705
  0.00000899333085846  0.00000945016016485  0.00000995496424730  0.00001046564817390
  0.00001103034126146  0.00001166926904172  0.00001237407917700  0.00001317069285881
  0.00001401498608576  0.00001498685918492  0.00001604259180769  0.00001724351028744
  0.00001864471173759  0.00002025591530587  0.00002210769273451  0.00002421210948255
  0.00002656503827362  0.00002923792313238  0.00003255216012044  0.00003665969484284
  0.00004145607225567  0.00004756349358071  0.00005589861672034  0.00006632185910666
  0.00007924907797973  0.00009824677526464  0.00012444835461507  0.00017896377225110
  0.00031859378938265  0.00048995232861315  0.10058065730671745  1.00000000000000000
 -0.00237646220146919  0.00924791681767483  0.01936159961965938  0.02983038003637003
  0.04061161236944896  0.05126140888997664  0.06157331770160807  0.07212665537284903
  0.08237923684429432  0.09309607452288397  0.10377864272739985  0.11530108281894959
  0.12638260025536593  0.13708367811715760  0.14783295679643929  0.15857342452807599
  0.16932523334203609  0.17952127602020185  0.18970289291868925  0.19970178280617443
  0.20986670385868678  0.21967727127385958  0.22963028390624993  0.23938837798191145
  0.24934886167643325  0.25959456330714120  0.26974031854009878  0.27989552168364928
  0.29015389557829296  0.30072627746957725  0.31156398227578364  0.32246041516455931
  0.33328231780287609  0.34388662903678063  0.35461427408733298  0.36541853095718013
  0.37613811683631360  0.38673234036507620  0.39731867509305130  0.40792726396656587
  0.41842894817621862  0.42879937411587532  0.43956335002234448  0.45073108796856681
  0.46227772162177128  0.47379727678772748  0.48434586216359615  0.49445102627733173
  0.50448777765066277  0.51483391898669728  0.52543752981810998  0.53584549174386087
  0.54622077817890635  0.55648697325991181  0.56659637057393897  0.57674483537523136
  0.58720744908779632  0.59792941007687028  0.60868940687406037  0.61931756188612308
  0.62974076866735829  0.64002859727842110  0.65021956525002544  0.66051105774281815
  0.67077937338173943  0.68112400016370844  0.69173354984985647  0.70270876573370999
  0.71378226855384830  0.72471119955203578  0.73535027202632619  0.74565131614351599
  0.75589447969714862  0.76593466461987747  0.77635031691459733  0.78655624507744071
  0.79685919048488862  0.80716550728448755  0.81758795554586627  0.82785120612821739
  0.83802119761581484  0.84807719595666520  0.85811655924365793  0.86827154695926601
  0.87829513471131826  0.88878434675729112  0.89917136308395795  0.91004607248719005
  0.92127440537638394  0.93284386198105551  0.94426697211908150  0.95554000050646026
  0.96658866431959589  0.97755191270870556  0.98879630783338734  1.00000000000000000
 -0.00361796883184078  0.02104424727904420  0.04185086296361151  0.06267918622423131
  0.08333326914732167  0.10483031793585533  0.12524194292826368  0.14438786605795320
  0.16193327243457295  0.17934280904960173  0.19672898718681864  0.21369248845201264
  0.23051545642884702  0.24695755321637289  0.26330203253881340  0.27912573272736718
  0.29482534532017252  0.31027201932057252  0.32535019616758820  0.34009116679845441
  0.35472176847682230  0.36893384477039193  0.38272766046431445  0.39603817169519584
  0.40912749388291619  0.42216556818670042  0.43551059108142826  0.44874249690420920
  0.46203657859612868  0.47507225287958138  0.48772057550978148  0.49997824066672930
  0.51191803057835950  0.52343189603910945  0.53456225652237355  0.54579637328502806
  0.55728536698023146  0.56872654659168909  0.57968847225308118  0.59072301706488217
  0.60161485295056383  0.61240854538819245  0.62302286313932909  0.63328557152333298
  0.64354933587010965  0.65385288158124855  0.66418982066093990  0.67425861157981348
  0.68406029661264223  0.69370066937957386  0.70322277350661400  0.71242725305518118
  0.72169845914636899  0.73083960029710848  0.73990640131321039  0.74859997447983428
  0.75721914268466806  0.76576243647475795  0.77422561412040869  0.78251783908764327
  0.79083156711345093  0.79907801221041852  0.80725834397372143  0.81524580237042621
  0.82301745955645578  0.83069564477474234  0.83822892354479950  0.84569022502716684
  0.85312869849042527  0.86041418422991667  0.86753979183839858  0.87446187095128203
  0.88120119691579413  0.88786283854601289  0.89441820664094451  0.90095279710702825
  0.90728594298589504  0.91348580297430160  0.91942704256307295  0.92512889000802812
  0.93072320464009761  0.93623938701434950  0.94159173730748125  0.94681044470172337
  0.95193919864928211  0.95694623272266133  0.96172621872068786  0.96638168333455288
  0.97093422378560856  0.97539059894103364  0.97977501662032129  0.98409344479115723
  0.98827675648998148  0.99230631031314998  0.99620291114577619  1.00000000000000000
 -0.00383756885484359  0.05775064624897529  0.08098526074391153  0.09618392614969010
  0.10816173948427268  0.11838341800391704  0.12725229196875090  0.13513381033658964
  0.14238556984820555  0.14916220506143021  0.15562098025225843  0.16195971828696953
  0.16820612249951505  0.17424538806056813  0.18008542654042298  0.18579033828297395
  0.19154031535035282  0.19726903642768351  0.20302782108003031  0.20882794429542653
  0.21471522488519462  0.22049241052833976  0.22607371972788332  0.23156917302702731
  0.23707517631495392  0.24276120718057145  0.24853507139434122  0.25427487498547879
  0.25994095913215481  0.26555281437434713  0.27127268847480468  0.27720147170036086
  0.28335072729889699  0.28957880910271078  0.29576963732767475  0.30187054046753170
  0.30799063647466512  0.31402710171664144  0.32005719008598721  0.32633746691099585
  0.33275628196336798  0.33919297986551872  0.34569291561350912  0.35221104407333204
  0.35888332932629385  0.36573217732394803  0.37264455177429257  0.37964792971240230
  0.38686546530449456  0.39394580257233963  0.40113299209269820  0.40835154012811059
  0.41542561172847886  0.42235897005779272  0.42922341995999186  0.43623295659481931
  0.44335567583520835  0.45044089638510004  0.45750946897710765  0.46462906431508860
  0.47186105663279793  0.47930429492511284  0.48694963765519733  0.49460341121291879
  0.50222395339731052  0.50982661805386009  0.51762706423116489  0.52569153896649712
  0.53380478803571352  0.54202431156890218  0.55044582519939689  0.55905686714702163
  0.56774584976494358  0.57671367699578679  0.58588303511161433  0.59540894697986946
  0.60491760287666418  0.61428934133093738  0.62374456186056293  0.63348841431833358
  0.64374177166671831  0.65477154322122988  0.66641229355859055  0.67816653279905637
  0.69002225457855970  0.70243743042129814  0.71555605481976492  0.72942050045643836
  0.74428952145342475  0.76020098046947626  0.77755359304726512  0.79711784638678762
  0.82001489836089814  0.84830100820140752  0.89342936741682144  1.00000000000000000
   1645.6219098442648       -1.0000000000000000     
 F F F F F F F F F F F F F F F F F F F F F F F F F F F F F F F F
  <DiscreteSampler_grid>
  grouped_processes
  1 # 1 for a reference and 2 for a running grid.
  10 # Attribute 'min_bin_probing_points' of the grid.
  1 # Attribute 'grid_mode' of the grid. 1=='default',2=='initialization'
  0.0000000000000000 # Attribute 'small_contrib_threshold' of the grid.
  0.5000000000000000 # Attribute 'damping_power' of the grid.
 # binID   n_entries weight   weight_sqr   abs_weight
    13   10   3.589721053005491E+010   3.496135471872729E+021   3.589721053005491E+010
    14   10   3.589721053005492E+010   3.496135471872734E+021   3.589721053005492E+010
    16   10   3.589721053005492E+010   3.496135471872733E+021   3.589721053005492E+010
    17   10   3.589721053005492E+010   3.496135471872734E+021   3.589721053005492E+010
  </DiscreteSampler_grid>
