  0.04265771241809819  0.04835310957382807  0.05362741676140727  0.05894724975848732
  0.06433034634578301  0.06978255732902752  0.07530361373426848  0.08085720112553051
  0.08638830378583670  0.09186126201344219  0.09730086246863011  0.10279740917703582
  0.10840846413372331  0.11409898481810224  0.11981796792467496  0.12558345788448746
  0.13173464533568521  0.13799083052297403  0.14423211950166620  0.15053052345636697
  0.15684037002472770  0.16323459309549035  0.16976357280022575  0.17646665849982876
  0.18325438545258768  0.19011064740310779  0.19706382428277505  0.20401929132737937
  0.21110109168028540  0.21820016333745534  0.22531341801485910  0.23244353283867761
  0.23968737352495581  0.24706210660056560  0.25459420033270524  0.26236730939123887
  0.27020810933467182  0.27817749765311617  0.28613793804540638  0.29420416828202894
  0.30233544612724589  0.31058977298293827  0.31892609645324432  0.32729133700079233
  0.33597410413862805  0.34492563943259269  0.35409182160946784  0.36333629536824130
  0.37264656416396669  0.38212791188155737  0.39178942853632698  0.40152264001519417
  0.41128837100917987  0.42123591273302463  0.43141394017393042  0.44197798858343118
  0.45276451303457405  0.46372964442045400  0.47498254983011207  0.48655151972350863
  0.49845278552445782  0.51035321649090137  0.52254820331721041  0.53503444897232477
  0.54804912260224714  0.56134144393888763  0.57478401986488370  0.58842308354362360
  0.60239068539682583  0.61657805756833250  0.63091673620180355  0.64533886731975287
  0.65970509753956852  0.67410083208575466  0.68848024968856369  0.70289185620172934
  0.71733674230120492  0.73209886906038024  0.74700810876873058  0.76210088828910783
  0.77748035536892868  0.79292386543142734  0.80801899452988901  0.82289284489748538
  0.83775338792296183  0.85279548553928963  0.86792461878709437  0.88281385085678232
  0.89743156514991707  0.91189075519942164  0.92585810486598752  0.93951346777462508
  0.95504910077859451  0.96964994960900497  0.97818149056083792  1.00000000000000000
 -0.00200022849891985  0.00948029229273548  0.01926977408470332  0.02940338992403470
  0.03949014358829955  0.04947258487941960  0.05955933440539494  0.06994375482081869
  0.08028535518207451  0.09072032778333586  0.10107522484736664  0.11160611788860102
  0.12196762209463462  0.13223780810023517  0.14248041040576734  0.15280994927144270
  0.16335543795832327  0.17389189225688503  0.18446116781805921  0.19509645657878222
  0.20569553507375141  0.21639266270937296  0.22695605431505647  0.23751454893182927
  0.24803870136535175  0.25889068842150731  0.27007843916157520  0.28096315819864315
  0.29186846086565804  0.30268210088335490  0.31362793707362724  0.32418491674451788
  0.33469915743887202  0.34537072101281235  0.35593168325651797  0.36652216857048264
  0.37725727326114322  0.38820862781549864  0.39898896143178453  0.40966226271024953
  0.42034064271027677  0.43124906746710034  0.44189996882506705  0.45241532547720753
  0.46282566328398911  0.47315025764760477  0.48333514043508397  0.49334968764469067
  0.50344018968131088  0.51370045410870246  0.52391828572905241  0.53411726802556425
  0.54435948399183554  0.55509679455713890  0.56611578247311922  0.57719326250303848
  0.58788960024572123  0.59842482591702084  0.60913597006760645  0.62013431542891118
  0.63112272096677646  0.64188865754821811  0.65242232239179454  0.66276053280557101
  0.67327530110935885  0.68366549141112598  0.69416997634319155  0.70469760350537902
  0.71552154206806540  0.72637425738459349  0.73674355331654984  0.74707787868842379
  0.75733910867656429  0.76761423294399611  0.77784667870655577  0.78820287098406594
  0.79852876182425980  0.80889371044389302  0.81942626614382386  0.83018168266294612
  0.84102109393741453  0.85147939788216698  0.86193865201558384  0.87259323626610341
  0.88355164270850595  0.89465105869244876  0.90584283999211002  0.91687642266487068
  0.92762681130864844  0.93814086899259586  0.94845981002543167  0.95887703816618186
  0.96908066100386303  0.97936353454912417  0.98957185637116452  1.00000000000000000
  0.00044690846119307  0.00852416790735712  0.01726804086606892  0.02675946092349883
  0.03644822459887332  0.04631169024528793  0.05637594436823025  0.06666343389857905
  0.07722264904658353  0.08767023616921520  0.09804359712047890  0.10820746714213091
  0.11827600294032396  0.12841734716392439  0.13869501967686987  0.14909643593809391
  0.15961086950959608  0.17032553807969944  0.18113287100511222  0.19161343746941276
  0.20187220436872200  0.21220378142046847  0.22260044425671843  0.23285813875933603
  0.24282904923583129  0.25284855569002246  0.26298031665518851  0.27325689646775980
  0.28367720142371050  0.29416878196037116  0.30472984888489879  0.31510604277093962
  0.32529344720831938  0.33536647783822959  0.34541090179754536  0.35549226847103749
  0.36546095232083453  0.37550329343239564  0.38571951968323426  0.39602303734895844
  0.40626124799874752  0.41656408683053525  0.42691663474221941  0.43720763171434868
  0.44742786774090615  0.45778193918000082  0.46834332640310722  0.47892824832706188
  0.48957511838279760  0.50014603004595037  0.51064736331441940  0.52105126754459763
  0.53162359897200895  0.54230454316405841  0.55294086835682488  0.56352395465399541
  0.57406179047056305  0.58460089385495695  0.59521928138041313  0.60589832806591670
  0.61643671321163129  0.62710054977197272  0.63811916270291713  0.64933983170994736
  0.66061886006101622  0.67184246772654943  0.68313775110763830  0.69433612740756734
  0.70520376216618097  0.71582114653903262  0.72635690445435031  0.73692225529563393
  0.74759565717992804  0.75833218648395828  0.76906673653651270  0.77964541335135995
  0.79020660996173586  0.80101099894581151  0.81190694610800740  0.82281013805187297
  0.83356403579815475  0.84427618832785090  0.85486738415137642  0.86530428770386791
  0.87576191183627838  0.88626411308228814  0.89682282233619981  0.90732378833729410
  0.91793766278850353  0.92877057562052756  0.93993475262372861  0.95123258117289866
  0.96278497226311788  0.97433809597041032  0.98680210177934946  1.00000000000000000
 -0.01816842571021959  0.10712094535457489  0.14846117492148450  0.17505565534854936
  0.19656965735931822  0.21528724435667038  0.23189686848527111  0.24722326532039807
  0.26146193852319433  0.27476775382626345  0.28726361366715741  0.29945632392941191
  0.31124556464313513  0.32261606494819994  0.33351673302558166  0.34420323404505770
  0.35463669018193150  0.36488106670439879  0.37482298746794629  0.38448401263194110
  0.39391106793022018  0.40317981251345192  0.41233519669001717  0.42147513952716459
  0.43063280321741915  0.43972469146839493  0.44860716447650556  0.45729108192487944
  0.46584748349058835  0.47434021496313666  0.48281117979716076  0.49105975225457799
  0.49928140220875800  0.50744615414827265  0.51554263623297458  0.52354349438853731
  0.53138079706474672  0.53921286193954732  0.54681060029538542  0.55432024684838066
  0.56184676061141337  0.56939992548736729  0.57690370223770726  0.58439586059443138
  0.59189666933831153  0.59947135291085762  0.60700979214335049  0.61448818553140228
  0.62187649056150984  0.62901657636427222  0.63600308209997702  0.64292676578390651
  0.64984945892572632  0.65676700177287695  0.66365005478664907  0.67046655686833212
  0.67718996948186494  0.68386736437158235  0.69053293510455960  0.69717057393815618
  0.70370716754895080  0.71012792821949322  0.71630972203427978  0.72248141378968234
  0.72861947395232274  0.73471495327753811  0.74081213990713546  0.74693194368671756
  0.75308362383130956  0.75921725727157441  0.76527810198312041  0.77133360937237339
  0.77741390455607473  0.78345794571299765  0.78947500791365410  0.79550298920277596
  0.80153686653575562  0.80763193345431072  0.81362092175420264  0.81962553983923847
  0.82565608268059976  0.83177594847566549  0.83807485307242957  0.84447864469547074
  0.85092908514177112  0.85759682222350087  0.86454591243637946  0.87170846274213964
  0.87929081181781954  0.88733744966791028  0.89605532749911965  0.90593010837960741
  0.91709506555992504  0.93118626212621325  0.95301268698127783  1.00000000000000000
  0.10278216596745082       -1.0000000000000000     
 F F F F F F F F F F F F F F F F F F F F F F F F F F F F F F F F
  <DiscreteSampler_grid>
  grouped_processes
  1 # 1 for a reference and 2 for a running grid.
  10 # Attribute 'min_bin_probing_points' of the grid.
  1 # Attribute 'grid_mode' of the grid. 1=='default',2=='initialization'
  0.0000000000000000 # Attribute 'small_contrib_threshold' of the grid.
  0.5000000000000000 # Attribute 'damping_power' of the grid.
 # binID   n_entries weight   weight_sqr   abs_weight
    13   10   9.303702466520140E+008   1.260551819915328E+018   9.303702466520140E+008
    14   10   9.303702466520140E+008   1.260551819915329E+018   9.303702466520140E+008
    16   10   1.268031180915146E+009   2.455832078766589E+018   1.268031180915146E+009
    17   10   1.268031180915146E+009   2.455832078766589E+018   1.268031180915146E+009
  </DiscreteSampler_grid>
