  0.01112094576359451  0.01649488673159333  0.02458302269020574  0.03463786991062036
  0.04439689215674177  0.05421790574041424  0.06415468275765122  0.07426562036883766
  0.08452167324835710  0.09489500323800884  0.10537613617762538  0.11599904677151476
  0.12675392692184828  0.13763773210568028  0.14858787482664906  0.15964841360756271
  0.17089259594851539  0.18232723455560296  0.19385828661438395  0.20550256259796004
  0.21730850784065431  0.22927200639500883  0.24136570784202147  0.25358560952302933
  0.26591389701224272  0.27835138934999276  0.29087805872728362  0.30351773833505979
  0.31630137124959684  0.32917314625620508  0.34200565261466753  0.35483384491618525
  0.36768339004896905  0.38056237445780461  0.39342677286816485  0.40641195151011122
  0.41934225275789805  0.43229471336464925  0.44521495545792883  0.45809525199955980
  0.47089201783174206  0.48361539290229721  0.49626350413958703  0.50884901298980389
  0.52136745161168230  0.53379955428813408  0.54614679239576414  0.55841508606202472
  0.57061464532949246  0.58265177861044504  0.59453795890780692  0.60627931743288299
  0.61800527234235669  0.62954107252635516  0.64100673426748767  0.65230540470455300
  0.66355743584422633  0.67454666447639333  0.68543987556038510  0.69610550444496033
  0.70672252996432261  0.71710330462342042  0.72740279276450537  0.73747827299449942
  0.74750854955713597  0.75739511815890315  0.76721269563060812  0.77687992981343557
  0.78648342286629469  0.79590283624148694  0.80520890402171807  0.81439874198517581
  0.82348170313963898  0.83244063998369822  0.84127383955491275  0.84998686169869775
  0.85863017295248445  0.86719996133481791  0.87568752038030440  0.88403384810741437
  0.89229202988274869  0.90042996438506795  0.90848841145015513  0.91646772751140293
  0.92434928361109547  0.93216605663938190  0.93990318041923704  0.94753774086125431
  0.95510028166050698  0.96258190555559475  0.97000828245295823  0.97740014902112959
  0.98447676586153576  0.98967389063071076  0.99151677038177954  1.00000000000000000
 -0.00245680211827706  0.00927667349568363  0.01924639453565882  0.02981923276344197
  0.04034637084683093  0.05090070379321210  0.06135165314977357  0.07194380438279760
  0.08252583192020015  0.09298659880098244  0.10348056304103344  0.11403381593372305
  0.12462818434840715  0.13515757193481090  0.14562480152504409  0.15614679925880337
  0.16665990118037036  0.17719642268367766  0.18769213060920120  0.19824556927638967
  0.20874378956894504  0.21938177892688362  0.22995132690958120  0.24049128961722052
  0.25100611203051648  0.26156348334987300  0.27210780442004656  0.28254481043890922
  0.29295395474964148  0.30339939029277302  0.31384087712595171  0.32444409431132881
  0.33503745035558491  0.34569475493782376  0.35625227725286629  0.36681300014719559
  0.37735306716478562  0.38784135167016948  0.39839648543595657  0.40891766042536043
  0.41951546914646798  0.43007765150424954  0.44077746118972783  0.45152295747532728
  0.46221480759740097  0.47281120375044983  0.48337655596427337  0.49405395064017665
  0.50462980261690338  0.51508730405105696  0.52543880532234111  0.53594094300476680
  0.54643670705149161  0.55694525201197009  0.56737764584539996  0.57787874748022072
  0.58830083997666516  0.59867415269057500  0.60911649763542519  0.61968308126224836
  0.63031269078751495  0.64089024036422992  0.65134070995694560  0.66175365765119332
  0.67217589833107505  0.68264329073986529  0.69311803416544926  0.70353606458055318
  0.71402704829495112  0.72455065284872322  0.73511035800686875  0.74567636764967404
  0.75628620281899428  0.76694471553166033  0.77759316712001492  0.78825296029933112
  0.79887015640301939  0.80952929037565990  0.82008186548841977  0.83061808433665496
  0.84116888268305934  0.85180765118466240  0.86246909505057801  0.87309895532706394
  0.88368705410121995  0.89433114031748884  0.90495696265341663  0.91559897536892854
  0.92616121129756557  0.93667967265235808  0.94723059510657337  0.95784649251324505
  0.96845644658032670  0.97902476014470230  0.98948470489885276  1.00000000000000000
 -0.00143804295209693  0.00742897751566436  0.01582798951593874  0.02502016696508600
  0.03462528241784657  0.04449281836558476  0.05451354171622009  0.06464058457434312
  0.07483094150177776  0.08507899950270438  0.09534534908087461  0.10561271245577480
  0.11591935381631528  0.12624357009625561  0.13658672769087460  0.14692532360829133
  0.15728527326322719  0.16769831596256307  0.17817863929319269  0.18874311248706807
  0.19935601287750362  0.20996245393430901  0.22051125051876544  0.23095927684215051
  0.24136698034975476  0.25175205136831619  0.26216348020618380  0.27257377577767666
  0.28294887113892031  0.29334710127019287  0.30378342477712927  0.31427870667341212
  0.32481590849823133  0.33536993616750299  0.34592800366473736  0.35643162924600169
  0.36692255950941233  0.37743245077613641  0.38801377130644799  0.39854284197204798
  0.40901254878144572  0.41943169448648865  0.42988845640073975  0.44039328481562084
  0.45095828771799512  0.46154250830481042  0.47216325095195144  0.48273192920916491
  0.49330038601132592  0.50388042953784207  0.51449432305829235  0.52516423904135034
  0.53582589514686985  0.54652046468167359  0.55722736068440892  0.56789533881922316
  0.57854138427898549  0.58917597265029298  0.59977192934285084  0.61028666870763160
  0.62072333751539677  0.63124694278777227  0.64185362356421438  0.65248846551996609
  0.66311361687422543  0.67369518085992663  0.68426330260040258  0.69480805501389165
  0.70537903624748199  0.71604483162538224  0.72675546749461706  0.73742143595963117
  0.74803913852154924  0.75866915463833251  0.76931834933076892  0.77987388464693785
  0.79042479619256090  0.80105930436116202  0.81177964123496116  0.82246816266843792
  0.83315940424895374  0.84387866617831520  0.85460446810261259  0.86529789419135295
  0.87594048965797788  0.88655621065080148  0.89723874501900147  0.90798881838480661
  0.91882225630304259  0.92970067748515695  0.94071611020857893  0.95174832868678461
  0.96295635394831181  0.97439476632542676  0.98684205926486912  1.00000000000000000
  0.25216753700000932  0.26085625587500472  0.27029739239469436  0.27931371541548722
  0.28807552041181755  0.29649317967896111  0.30462850836608674  0.31250688749560457
  0.31998806136308988  0.32728253670622426  0.33443187281505221  0.34131894335697016
  0.34811727050413283  0.35478884571085750  0.36123556168947374  0.36758709180759080
  0.37385807978338625  0.37999797832877763  0.38604400146759893  0.39203156745554002
  0.39791425301948696  0.40370522808177045  0.40947512543755432  0.41520978313172524
  0.42086446869549243  0.42646051851820949  0.43202690954980355  0.43755496926097837
  0.44301746238890660  0.44844461908123534  0.45382415952615957  0.45915001748493384
  0.46442935407583907  0.46969331405310205  0.47493511616334244  0.48012282442441684
  0.48523487091444767  0.49031436680082274  0.49536963103697862  0.50039669101453987
  0.50537458091886467  0.51032255890755296  0.51527519084853390  0.52021537205778090
  0.52511947438735074  0.52998083114391947  0.53480719942647414  0.53959387997668296
  0.54435030801578477  0.54910179695488026  0.55387157952350585  0.55863081049587737
  0.56336063743182951  0.56804300790836249  0.57270188085988338  0.57735408173661362
  0.58198894418214764  0.58660547193102441  0.59120930402467775  0.59580574898219474
  0.60038757658235331  0.60493518589023798  0.60945279888531356  0.61396749612010160
  0.61850146510171422  0.62304826585951611  0.62758267241541799  0.63209299172608968
  0.63655625864567944  0.64100331410642086  0.64545706649326440  0.64992984169121237
  0.65440271466761724  0.65885887730216375  0.66330903279457476  0.66775665621865810
  0.67221487797034163  0.67666725692480323  0.68111305163972069  0.68553735340271371
  0.68994268551734761  0.69434934165424145  0.69875641508801345  0.70315639832146015
  0.70754344010265313  0.71190991316786789  0.71627282903450362  0.72063871476142338
  0.72500444393034258  0.72937638143744477  0.73374409255789197  0.73811756614579205
  0.74261392478334076  0.74762671065027064  0.74949602576252972  1.00000000000000000
   4.7401866893484841E-003  -1.0000000000000000     
 F F F F F F F F F F F F F F F F F F F F F F F F F F F F F F F F
  <DiscreteSampler_grid>
  grouped_processes
  1 # 1 for a reference and 2 for a running grid.
  10 # Attribute 'min_bin_probing_points' of the grid.
  1 # Attribute 'grid_mode' of the grid. 1=='default',2=='initialization'
  0.0000000000000000 # Attribute 'small_contrib_threshold' of the grid.
  0.5000000000000000 # Attribute 'damping_power' of the grid.
 # binID   n_entries weight   weight_sqr   abs_weight
    13   10   1.782859871364651E+008   4.535286358109254E+016   1.782859871364651E+008
    14   10   1.782859871364651E+008   4.535286358109254E+016   1.782859871364651E+008
    16   10   2.335268626411366E+008   7.804914338129221E+016   2.335268626411366E+008
    17   10   2.335268626411366E+008   7.804914338129221E+016   2.335268626411366E+008
  </DiscreteSampler_grid>
