  0.00000237856197868  0.00000238462074117  0.00000240020107378  0.00000241893798449
  0.00000243661592896  0.00000245316660216  0.00000247007509760  0.00000249174206446
  0.00000251723371519  0.00000254388353128  0.00000257130278532  0.00000259952275892
  0.00000262867200666  0.00000265900816799  0.00000269002871244  0.00000272155288840
  0.00000275478401923  0.00000279208541903  0.00000283120726010  0.00000287053811882
  0.00000291091218197  0.00000295253829282  0.00000299532886843  0.00000303947879229
  0.00000308455946617  0.00000312931517867  0.00000317558964016  0.00000322707209748
  0.00000328467249091  0.00000334428239640  0.00000340560784078  0.00000346831786481
  0.00000353275897269  0.00000359835842227  0.00000366570556541  0.00000373879827648
  0.00000381954693448  0.00000390445804290  0.00000399122968720  0.00000407963226913
  0.00000417043654797  0.00000426403350729  0.00000436121357428  0.00000447293782472
  0.00000458727618571  0.00000470353893842  0.00000482264887487  0.00000494574321846
  0.00000507593942398  0.00000522241225505  0.00000537370631077  0.00000552962402583
  0.00000568981321445  0.00000586461703099  0.00000605838730063  0.00000626296726778
  0.00000647440735403  0.00000669765430458  0.00000694168900448  0.00000721269434017
  0.00000749147410636  0.00000778299980825  0.00000811314441720  0.00000847364589638
  0.00000885181067946  0.00000925752763241  0.00000970573193081  0.00001018777589025
  0.00001070731569872  0.00001129904208031  0.00001194641708830  0.00001265811884813
  0.00001345291804825  0.00001430477183667  0.00001527959214175  0.00001634489422222
  0.00001758996524466  0.00001895796932620  0.00002057648772355  0.00002244249786101
  0.00002470411450621  0.00002733241827051  0.00003034609588155  0.00003396539496424
  0.00003860317733166  0.00004408207635700  0.00005082439115321  0.00006011837063687
  0.00007305466070089  0.00009039754960916  0.00011939605143043  0.00016641036178851
  0.00026082129482571  0.00051934642220826  0.01294596284304145  1.00000000000000000
 -0.00256980476003731  0.00994726213026626  0.02045931021887909  0.03145321937706690
  0.04170850528450509  0.05178923885224676  0.06182330621639709  0.07221005379697526
  0.08285296508824821  0.09327885822980723  0.10371361422244466  0.11403332695064404
  0.12444347963989141  0.13482672160530274  0.14518687292656429  0.15532211720937589
  0.16561326978681548  0.17590572121449663  0.18619445582620503  0.19661173116562550
  0.20730614105225550  0.21818223350854382  0.22912935028417278  0.23995627747667334
  0.25060802312082464  0.26119563895125142  0.27189033055442036  0.28287772729067645
  0.29334748957258611  0.30383794373985462  0.31443943355584569  0.32549629228492233
  0.33640136355037964  0.34679932044642686  0.35706581904858836  0.36717626123042846
  0.37750395008994669  0.38766570080838963  0.39755381861103928  0.40763229994756234
  0.41778228952216295  0.42843507338308529  0.43903891150552504  0.44973222752273195
  0.46030322136128793  0.47100784494358150  0.48175353473828297  0.49271411628061118
  0.50357750640120980  0.51413902441917902  0.52479689686808328  0.53544233149053566
  0.54603370557735464  0.55657589870627555  0.56732417690152803  0.57815995063776260
  0.58877341622479373  0.59928373833585091  0.60988189720267982  0.62059669480108759
  0.63096317344120367  0.64117193958487362  0.65134096480743242  0.66145101035677467
  0.67189348555186468  0.68241807546873201  0.69299622286570217  0.70361091985274915
  0.71426465586041865  0.72514277588778286  0.73579640074603414  0.74619384775969155
  0.75654222696794737  0.76701669664906114  0.77783318996287487  0.78868054809425403
  0.79923479801192798  0.80973185093456634  0.82043374605497676  0.83137600637519493
  0.84206620564656620  0.85251002490947636  0.86265226757956937  0.87262849228793216
  0.88271856231749912  0.89301285051210233  0.90351117898568578  0.91412690479886083
  0.92481198867163161  0.93538905569098063  0.94590181855871169  0.95637515765537562
  0.96708523650413669  0.97787860228220480  0.98894817816573921  1.00000000000000000
 -0.00172996375358968  0.01430822558936236  0.02893967197075884  0.04369469282480278
  0.05812433358506269  0.07187681136622592  0.08529518664955178  0.09866673939421967
  0.11215568680505068  0.12565552210017389  0.13918877186037851  0.15271230077448700
  0.16608331852120989  0.17928978070781851  0.19272309715273614  0.20636449136911833
  0.21968943694975540  0.23262431758896507  0.24548290959744570  0.25833402850602771
  0.27114499435537415  0.28411434840511846  0.29698945443252833  0.30968863289895404
  0.32224402877513508  0.33490748075854482  0.34748287421463497  0.35970072434050082
  0.37166162370315747  0.38340932454949567  0.39502824566031208  0.40659675706289539
  0.41819831775643407  0.42975717810720693  0.44133815497913348  0.45286507266296944
  0.46441908418771760  0.47591000452054166  0.48716336859832721  0.49863641517362178
  0.50988675490379454  0.52132955243304069  0.53208964745462073  0.54303358430435555
  0.55395323971456323  0.56488256215326904  0.57594051290301829  0.58688447391586618
  0.59798678698940100  0.60906324777536869  0.62021748000146237  0.63105377741634816
  0.64162306128352697  0.65197205312887607  0.66235784960497690  0.67260149497215538
  0.68274231760429049  0.69272470552938048  0.70257348674905762  0.71229654544437493
  0.72194619434501150  0.73145764523691514  0.74088773069418945  0.75025433964990207
  0.75960254367721836  0.76886109612120757  0.77786357745255696  0.78665683697187050
  0.79540824213867667  0.80406744473416125  0.81272319299165641  0.82134246091676721
  0.82998856994778647  0.83867965013561951  0.84729483368246883  0.85574417052861229
  0.86402440448184814  0.87223994216082468  0.88038314353889935  0.88836817863142914
  0.89640484959997957  0.90421059038723106  0.91216732593932170  0.91989755677027607
  0.92730953025244800  0.93442141370775289  0.94133708965048235  0.94806891670839566
  0.95475430751023926  0.96145417151489709  0.96805671855185749  0.97448757044108580
  0.98079900280692722  0.98710507825730309  0.99349389429063717  1.00000000000000000
 -0.01635119510091054  0.09010298181560952  0.12428348066155774  0.14619820847148976
  0.16377681394209337  0.17886347268705896  0.19249704946657112  0.20536366912560688
  0.21747833160697053  0.22860734289499202  0.23905332866405035  0.24910647100162114
  0.25864923867021317  0.26778474983025485  0.27655984879004403  0.28506673969156193
  0.29332237661001692  0.30129268827097944  0.30905202044483926  0.31668437812438682
  0.32419139330358332  0.33157834769665889  0.33888034361923342  0.34607550781607183
  0.35316298467829427  0.36014048296808326  0.36698376996528381  0.37366923880584996
  0.37994236595299230  0.38603449760740038  0.39221496617560470  0.39833609358844324
  0.40447954588253021  0.41065052925769174  0.41678233318315305  0.42297682920811330
  0.42906573612203042  0.43511905859291022  0.44119609776014113  0.44731532070336005
  0.45345710956333279  0.45960311413016092  0.46577437415560868  0.47195587904114239
  0.47807853709175324  0.48424328199980793  0.49050666969584278  0.49679130997675613
  0.50303620181020459  0.50924574399241818  0.51542950238126739  0.52161047429131602
  0.52778063277520681  0.53398564263211501  0.54022741063154878  0.54631574446516196
  0.55242814642076543  0.55843233075281073  0.56452371065793250  0.57060887509720359
  0.57670953352395415  0.58286485792073794  0.58914690822283033  0.59556829595924199
  0.60202387699837590  0.60868699093816125  0.61547524573866741  0.62234791922701849
  0.62939986401934822  0.63652725829562107  0.64370919202297183  0.65090462426719309
  0.65810069867854770  0.66534164422358011  0.67253744474208998  0.67975264367765298
  0.68705916054031158  0.69434678291603424  0.70181432044158421  0.70952944631093229
  0.71754584526219123  0.72574659718327195  0.73431493189121400  0.74324895468882868
  0.75253879312447025  0.76236736206805011  0.77271371420835511  0.78400388766330520
  0.79586431199952046  0.80836883469571730  0.82176580332965365  0.83673022933530838
  0.85399572543714297  0.87526327726766728  0.90959800309834216  1.00000000000000000
   3449.1498734652673       -1.0000000000000000     
 F F F F F F F F F F F F F F F F F F F F F F F F F F F F F F F F
  <DiscreteSampler_grid>
  grouped_processes
  1 # 1 for a reference and 2 for a running grid.
  10 # Attribute 'min_bin_probing_points' of the grid.
  1 # Attribute 'grid_mode' of the grid. 1=='default',2=='initialization'
  0.0000000000000000 # Attribute 'small_contrib_threshold' of the grid.
  0.5000000000000000 # Attribute 'damping_power' of the grid.
 # binID   n_entries weight   weight_sqr   abs_weight
    10   10   4.321832388293874E+010   3.442676425642057E+021   4.321832388293874E+010
    16   10   4.321832388293874E+010   3.442676425642057E+021   4.321832388293874E+010
  </DiscreteSampler_grid>
