  0.00000237461733468  0.00000239491036117  0.00000241779882281  0.00000244091470337
  0.00000246034835978  0.00000248091920611  0.00000250381690250  0.00000253016766546
  0.00000255998597456  0.00000259077932358  0.00000262251424117  0.00000265632408393
  0.00000269198394890  0.00000272865067642  0.00000276840506365  0.00000281079971719
  0.00000285455776004  0.00000289940375357  0.00000294547233867  0.00000299293645195
  0.00000304308219858  0.00000309496759191  0.00000314599999740  0.00000320054914544
  0.00000326182886275  0.00000332716886337  0.00000339274225953  0.00000346074815366
  0.00000353003949214  0.00000360192219759  0.00000367805491298  0.00000375910488742
  0.00000385443180144  0.00000395034204224  0.00000404683774535  0.00000414377075587
  0.00000424559092111  0.00000435894682214  0.00000448887150972  0.00000463016966810
  0.00000477745333733  0.00000492686505750  0.00000508702128011  0.00000526721583742
  0.00000545410759573  0.00000564718822418  0.00000584400494176  0.00000606535847615
  0.00000629982954358  0.00000654336288399  0.00000680577343340  0.00000708686327490
  0.00000738278316404  0.00000767964770794  0.00000799490800202  0.00000834978548023
  0.00000871381653039  0.00000909247772142  0.00000951199821221  0.00000996361041862
  0.00001044108542872  0.00001098548725283  0.00001159578160020  0.00001225572224376
  0.00001298325848563  0.00001376640058887  0.00001461923100835  0.00001559003008676
  0.00001667458910433  0.00001789032419921  0.00001917976904913  0.00002060203574855
  0.00002217598487517  0.00002396889357860  0.00002598868952118  0.00002836621888000
  0.00003116424860130  0.00003436542911066  0.00003775957102376  0.00004141084283984
  0.00004595974333548  0.00005148210220700  0.00005822748713537  0.00006742643973466
  0.00008016802860353  0.00009512701307152  0.00011554130049693  0.00014368408088710
  0.00017722806728129  0.00021894220277824  0.00027909951453650  0.00036831538951830
  0.00065875520288962  0.00103063818543154  0.00218599382980906  1.00000000000000000
 -0.00211485812664973  0.00856968556699436  0.01804647451756894  0.02604330623878762
  0.03435192049003836  0.04295234007593960  0.05158877379474887  0.06011156618185599
  0.06878684626956273  0.07735475672677805  0.08700094051169971  0.09753867711806853
  0.10819142715091315  0.11856354652649179  0.12879767787344942  0.13887218868393705
  0.14899306007924937  0.15963383835386616  0.17068325279822744  0.18191593036364323
  0.19286390230268724  0.20342298404219816  0.21387951205266648  0.22458628578133893
  0.23554440403576390  0.24684123334427549  0.25848987070893986  0.27013328250657953
  0.28126890826370454  0.29212290381524680  0.30312631809593032  0.31470925752129414
  0.32715240600791962  0.33854251746242042  0.34882236002433031  0.35944199875036775
  0.36987451735516808  0.37983720203039617  0.38916749724281297  0.39909303053789247
  0.40997601636361514  0.42114819268685899  0.43264825794556627  0.44423217290730738
  0.45518414562836801  0.46527130014233054  0.47506563527340678  0.48534084094815905
  0.49568861313326246  0.50586085909099021  0.51591282894077239  0.52617037946869083
  0.53673789753492573  0.54710166672410665  0.55733792947905747  0.56772406165695066
  0.57817920226727038  0.58869651059041650  0.59916432693379851  0.60967244407807375
  0.62045492260115254  0.63164656959381127  0.64323011785222350  0.65483882926023074
  0.66589277782083034  0.67636910419796625  0.68636422479327597  0.69646699775594301
  0.70681314701988718  0.71740618079848606  0.72840460689863873  0.73960613494991700
  0.75095830493951887  0.76225761780149548  0.77322627739944538  0.78408878835828566
  0.79506445037790729  0.80646218941542769  0.81775507040000983  0.82895813879460267
  0.84011927787071861  0.85128179389833403  0.86212126820798840  0.87240690388817932
  0.88228530005708727  0.89211936225680810  0.90252351057335511  0.91306367172279423
  0.92356867806289711  0.93433704527068639  0.94539163030778595  0.95669413201817233
  0.96784959677720739  0.97877545887555317  0.98959928161829924  1.00000000000000000
  0.00949219827722552  0.02380986778424680  0.04168209978167225  0.06051789789314083
  0.07899821428224188  0.09736810137058372  0.11578824028061452  0.13404857948691251
  0.15238665383788885  0.17055910661527054  0.18815332874734356  0.20532609711390659
  0.22222393096974122  0.23922282134200787  0.25589347646118499  0.27215053150811697
  0.28838899972218784  0.30416686439731483  0.31980242516135776  0.33554517367905323
  0.35122622905570727  0.36696008207434955  0.38263218329990989  0.39808295128742471
  0.41347928223568520  0.42808134582855750  0.44231464300670092  0.45610875182342059
  0.46963166646467852  0.48308726052973716  0.49646976390555458  0.50957830472282872
  0.52263890892525822  0.53584862239358244  0.54898408043077851  0.56181397976447311
  0.57402229384861581  0.58578778126748299  0.59705433188514689  0.60815451868140280
  0.61911605420922411  0.63020223054089652  0.64120398381314214  0.65188492428019651
  0.66234125136845878  0.67268787719362211  0.68285942673028122  0.69277961665173104
  0.70257046804865730  0.71259511576661005  0.72277737949206744  0.73272664747051741
  0.74232727659179198  0.75183390715209941  0.76138901835572914  0.77098039542765451
  0.78042870912887408  0.78959430848051060  0.79838926026817136  0.80681681165913621
  0.81505629553534931  0.82328261904819933  0.83155229089523974  0.83980205991528700
  0.84788233862979634  0.85571743214397689  0.86301954837257422  0.87041951011047325
  0.87766850440363586  0.88479570382795847  0.89197419375351861  0.89874749962310407
  0.90519678362263367  0.91143078252973475  0.91741329274321981  0.92309168844313083
  0.92852931623992341  0.93381623066029540  0.93889043970920405  0.94387589862098231
  0.94881992700508011  0.95366148047945587  0.95823611830855382  0.96238881189676861
  0.96624475940452148  0.97001759432528778  0.97363710208744902  0.97712553471916841
  0.98038857137234181  0.98348031885599929  0.98645547410536127  0.98933827926653439
  0.99212946373527799  0.99483332844332850  0.99745485430523684  1.00000000000000000
  0.00575671920655373  0.12440798829243897  0.16851070840887214  0.19893194320398136
  0.22472169485157320  0.24669270384182243  0.26501585155718382  0.28176334352398602
  0.29759319403071227  0.31280409572777323  0.32701030653293045  0.34063940682712013
  0.35378986610336954  0.36646014850441455  0.37878164561841327  0.39028282865620850
  0.40116819504498102  0.41167409628197532  0.42222714662901312  0.43256674120140093
  0.44265489337089919  0.45226179896339491  0.46168303321723597  0.47079117451836594
  0.47965052228419952  0.48846443753116453  0.49732559317019320  0.50622956719415546
  0.51494729958387953  0.52317539374239963  0.53116916368074862  0.53892876312893634
  0.54676640145535704  0.55454427362850567  0.56238469034742644  0.57054703123162653
  0.57882888472624983  0.58722054229293685  0.59531999037807704  0.60301163631561017
  0.61035746032595950  0.61752115596198687  0.62446163673893462  0.63072322090179600
  0.63646592463389395  0.64241585934835821  0.64806524079308225  0.65359020654093214
  0.65892391725803856  0.66442727540506841  0.66997940824413516  0.67572419257608385
  0.68135989515524364  0.68725932664305112  0.69337049068941381  0.69956647604746602
  0.70558385281572011  0.71141065422100724  0.71708646286506261  0.72262158891073414
  0.72811313804647637  0.73369164178627544  0.73950433291819995  0.74529510180101299
  0.75102471028472439  0.75653439814085244  0.76186141769568128  0.76712639164018681
  0.77232161821676470  0.77748992462168887  0.78277059987109954  0.78788657521434191
  0.79276219677152648  0.79744972004921399  0.80219502612276661  0.80698347752072075
  0.81192928639812112  0.81698063568140555  0.82202615813563928  0.82717751027717557
  0.83249413012821027  0.83790582841840922  0.84343958847585909  0.84893606268019106
  0.85445359734802584  0.85997623826229852  0.86582125722720915  0.87192808607825179
  0.87879832637092015  0.88613354115411902  0.89405080510993451  0.90303348854207444
  0.91368982164034418  0.92741246126848520  0.94864138806480469  1.00000000000000000
   37.748849123776679       -1.0000000000000000     
 F F F F F F F F F F F F F F F F F F F F F F F F F F F F F F F F
  <DiscreteSampler_grid>
  grouped_processes
  1 # 1 for a reference and 2 for a running grid.
  10 # Attribute 'min_bin_probing_points' of the grid.
  1 # Attribute 'grid_mode' of the grid. 1=='default',2=='initialization'
  0.0000000000000000 # Attribute 'small_contrib_threshold' of the grid.
  0.5000000000000000 # Attribute 'damping_power' of the grid.
 # binID   n_entries weight   weight_sqr   abs_weight
    13   10   2.666044621168596E+010   3.232849495717674E+021   2.666044621168596E+010
    14   10   2.666044621168596E+010   3.232849495717673E+021   2.666044621168596E+010
  </DiscreteSampler_grid>
